SR-Stab -1 -1 0 -1 -1 -1 -1 2.0 0.099999994 0.1 5334289.7661686335 516.5180090097618 32688710.990944024 0.077143 5.612055048902719 
SR-Stab -1 -1 0 -1 -1 -1 -1 2.0 0.099999994 0.1 5334289.6066799555 516.6997129348946 32688704.748260614 0.077143 7.779778232678184 
SR-Stab -1 -1 0 -1 -1 -1 -1 2.0 0.099999994 0.1 5334289.763132134 516.2076969770623 32688711.09306347 0.077143 0.5429306626319885 
SR-Stab -1 -1 0 -1 -1 -1 -1 2.0 0.099999994 0.1 5334289.853796044 516.2085879472924 32688710.88867199 0.077143 0.40474188327789307 
SR-Stab -1 -1 0 -1 -1 -1 -1 2.0 0.099999994 0.1 5334289.6496105585 516.1770549742413 32688710.93579876 0.077143 0.39995177812398675 
SR-Stab -1 -1 0 -1 -1 -1 -1 2.0 0.099999994 0.1 5334289.494527856 516.1914279488755 32688704.75234997 0.077143 0.34250851998220644 
SR-Stab -1 -1 0 -1 -1 -1 -1 2.0 0.099999994 0.1 5334289.9053030405 516.301190975113 32688736.20333874 0.077143 0.3276914954185486 
SR-Stab -1 -1 0 -1 -1 -1 -1 2.0 0.099999994 0.1 5334289.942544976 516.2146529583168 32688711.04167187 0.077143 0.29774463176727295 
SR-Stab -1 -1 0 -1 -1 -1 -1 2.0 0.099999994 0.1 5334289.621274987 516.1918879775238 32688704.615898248 0.077143 0.291410356760025 
SR-Stab -1 -1 0 -1 -1 -1 -1 2.0 0.099999994 0.1 5334289.502617875 516.1911159781647 32688704.644882318 0.077143 0.2550635039806366 

