SR-Stab -1 -1 0 -1 -1 -1 -1 2.0 0.099999994 0.1 5334364.695388707 517.759441167104 32687073.522892337 0.077143 6.638859671291793 
SR-Stab -1 -1 0 -1 -1 -1 -1 2.0 0.099999994 0.1 5334364.9818739025 517.5219706594822 32687089.94015537 0.077143 8.328820705407948 
SR-Stab -1 -1 0 -1 -1 -1 -1 2.0 0.099999994 0.1 5334364.860248956 517.3887096345303 32687067.502975803 0.077143 4.947858404384842 
SR-Stab -1 -1 0 -1 -1 -1 -1 2.0 0.099999994 0.1 5334364.829243335 517.5176316201565 32687095.26707111 0.077143 5.3229632542292675 
SR-Stab -1 -1 0 -1 -1 -1 -1 2.0 0.099999994 0.1 5334364.965057286 517.6862241327641 32687076.412510257 0.077143 4.576810700469951 
SR-Stab -1 -1 0 -1 -1 -1 -1 2.0 0.099999994 0.1 5334364.979179773 517.3402061164257 32687062.169395786 0.077143 0.984211068588329 
SR-Stab -1 -1 0 -1 -1 -1 -1 2.0 0.099999994 0.1 5334364.691847238 517.2703761160252 32687100.58852802 0.077143 1.1553850697616619 
SR-Stab -1 -1 0 -1 -1 -1 -1 2.0 0.099999994 0.1 5334364.930151853 517.3799110948918 32687077.181347232 0.077143 0.6670837370451408 
SR-Stab -1 -1 0 -1 -1 -1 -1 2.0 0.099999994 0.1 5334364.990516814 517.1948786079762 32687067.45600925 0.077143 0.4857333302497864 
SR-Stab -1 -1 0 -1 -1 -1 -1 2.0 0.099999994 0.1 5334364.997146997 520.2034088671086 32687112.481487375 0.077143 0.8405939057244545 
SR-Stab -1 -1 0 -1 -1 -1 -1 2.0 0.099999994 0.1 5334364.833053741 517.1029526293156 32687095.39514194 0.077143 0.25971782207489014 

