SR-Stab -1 -1 0 -1 -1 -1 -1 2.0 0.099999994 0.1 5334279.737129193 516.470919906801 32688662.553520247 0.077143 7.983471932236391 
SR-Stab -1 -1 0 -1 -1 -1 -1 2.0 0.099999994 0.1 5334279.12836073 516.3680120107591 32688656.38124089 0.077143 5.869932096411489 
SR-Stab -1 -1 0 -1 -1 -1 -1 2.0 0.099999994 0.1 5334279.7216358 516.0614354607523 32688662.675945327 0.077143 0.633190929889679 
SR-Stab -1 -1 0 -1 -1 -1 -1 2.0 0.099999994 0.1 5334279.729392033 516.06324046821 32688662.404529616 0.077143 0.598195777368779 
SR-Stab -1 -1 0 -1 -1 -1 -1 2.0 0.099999994 0.1 5334279.125888806 516.0476619598329 32688656.489513442 0.077143 0.4209129810333252 
SR-Stab -1 -1 0 -1 -1 -1 -1 2.0 0.099999994 0.1 5334279.060050946 516.0461659428537 32688656.286129043 0.077143 0.352898508310318 
SR-Stab -1 -1 0 -1 -1 -1 -1 2.0 0.099999994 0.1 5334279.2684211545 516.0475069877565 32688656.33214192 0.077143 0.3269694149494171 
SR-Stab -1 -1 0 -1 -1 -1 -1 2.0 0.099999994 0.1 5334278.9941959195 516.0480399724901 32688656.410594985 0.077143 0.2747930586338043 
SR-Stab -1 -1 0 -1 -1 -1 -1 2.0 0.099999994 0.1 5334279.775403004 517.7475970384538 32688643.949169204 0.077143 0.2691749036312103 
SR-Stab -1 -1 0 -1 -1 -1 -1 2.0 0.099999994 0.1 5334279.195974331 516.0472389456689 32688656.224044845 0.077143 0.2657455801963806 

