SR-Stab -1 -1 0 -1 -1 -1 -1 2.0 0.099999994 0.1 5334358.835068323 517.1689348237695 32687278.127853885 0.077143 5.021843691844469 
SR-Stab -1 -1 0 -1 -1 -1 -1 2.0 0.099999994 0.1 5334359.025147058 517.1670907752695 32687272.010414615 0.077143 6.7238118560501166 
SR-Stab -1 -1 0 -1 -1 -1 -1 2.0 0.099999994 0.1 5334358.802409269 517.419087769288 32687303.01318027 0.077143 3.4927540996791495 
SR-Stab -1 -1 0 -1 -1 -1 -1 2.0 0.099999994 0.1 5334358.829647161 517.5368943231286 32687300.507595554 0.077143 2.8660901815043793 
SR-Stab -1 -1 0 -1 -1 -1 -1 2.0 0.099999994 0.1 5334359.13206587 517.0131713168802 32687296.91981937 0.077143 0.6528370976448059 
SR-Stab -1 -1 0 -1 -1 -1 -1 2.0 0.099999994 0.1 5334358.9012819305 516.8324397819223 32687272.03631641 0.077143 0.45302018594031096 
SR-Stab -1 -1 0 -1 -1 -1 -1 2.0 0.099999994 0.1 5334359.11885605 516.8020617978754 32687272.07101108 0.077143 0.5809042453765869 
SR-Stab -1 -1 0 -1 -1 -1 -1 2.0 0.099999994 0.1 5334359.135076143 516.995237828988 32687296.86798145 0.077143 0.4466502249962451 
SR-Stab -1 -1 0 -1 -1 -1 -1 2.0 0.099999994 0.1 5334359.139004327 520.5931658761682 32687278.015213504 0.077143 0.9918508496974237 
SR-Stab -1 -1 0 -1 -1 -1 -1 2.0 0.099999994 0.1 5334358.785995103 521.1509385125818 32687276.655487552 0.077143 1.1601213463896547 
SR-Stab -1 -1 0 -1 -1 -1 -1 2.0 0.099999994 0.1 5334358.829944231 516.792505802411 32687277.985619083 0.077143 0.274312244042975 
SR-Stab -1 -1 0 -1 -1 -1 -1 2.0 0.099999994 0.1 5334358.927593328 516.7865027802171 32687278.25884296 0.077143 0.2666374444961548 
SR-Stab -1 -1 0 -1 -1 -1 -1 2.0 0.099999994 0.1 5334358.948067285 516.7876778261842 32687278.07399036 0.077143 0.26018951173992405 

