SR-Stab -1 -1 0 -1 -1 -1 -1 2.0 0.099999994 0.1 5334360.520544149 517.2270514981927 32687218.86064197 0.077143 5.234120276095299 
SR-Stab -1 -1 0 -1 -1 -1 -1 2.0 0.099999994 0.1 5334360.373609163 517.4245845096292 32687224.282433048 0.077143 8.181553436079508 
SR-Stab -1 -1 0 -1 -1 -1 -1 2.0 0.099999994 0.1 5334360.019168951 517.3709834830942 32687236.631599918 0.077143 4.910397717739568 
SR-Stab -1 -1 0 -1 -1 -1 -1 2.0 0.099999994 0.1 5334360.16436968 517.3861215131463 32687231.169724002 0.077143 9.645046095417351 
SR-Stab -1 -1 0 -1 -1 -1 -1 2.0 0.099999994 0.1 5334360.027051069 517.2198318259897 32687260.55343677 0.077143 5.32491181333349 
SR-Stab -1 -1 0 -1 -1 -1 -1 2.0 0.099999994 0.1 5334360.055536844 517.360361458558 32687258.045738712 0.077143 5.322704528224202 
SR-Stab -1 -1 0 -1 -1 -1 -1 2.0 0.099999994 0.1 5334360.570022918 516.9665584581079 32687218.73262836 0.077143 0.5625531680838042 
SR-Stab -1 -1 0 -1 -1 -1 -1 2.0 0.099999994 0.1 5334360.051539995 516.916296006936 32687231.210114017 0.077143 0.6641954779624939 
SR-Stab -1 -1 0 -1 -1 -1 -1 2.0 0.099999994 0.1 5334360.477138139 516.888734461564 32687224.32045032 0.077143 0.5094996690750122 
SR-Stab -1 -1 0 -1 -1 -1 -1 2.0 0.099999994 0.1 5334360.135799028 517.130155982274 32687255.551075473 0.077143 1.007072720534249 
SR-Stab -1 -1 0 -1 -1 -1 -1 2.0 0.099999994 0.1 5334360.137587167 516.9236814992609 32687231.050110355 0.077143 0.4389427900314331 
SR-Stab -1 -1 0 -1 -1 -1 -1 2.0 0.099999994 0.1 5334360.225613214 516.9261274950685 32687224.2962804 0.077143 1.2559563315584175 
SR-Stab -1 -1 0 -1 -1 -1 -1 2.0 0.099999994 0.1 5334360.086409189 516.9239574687662 32687231.294724002 0.077143 0.4327200949192047 
SR-Stab -1 -1 0 -1 -1 -1 -1 2.0 0.099999994 0.1 5334360.568081953 518.8641986863794 32687228.012665287 0.077143 1.3629205677792837 
SR-Stab -1 -1 0 -1 -1 -1 -1 2.0 0.099999994 0.1 5334360.407394029 516.9454504864397 32687218.839561954 0.077143 0.39962967639883296 
SR-Stab -1 -1 0 -1 -1 -1 -1 2.0 0.099999994 0.1 5334360.579794027 518.092852474946 32687227.419182315 0.077143 0.3891834616661072 
SR-Stab -1 -1 0 -1 -1 -1 -1 2.0 0.099999994 0.1 5334360.283465005 516.9158195274057 32687231.221481815 0.077143 0.40937766432762146 
SR-Stab -1 -1 0 -1 -1 -1 -1 2.0 0.099999994 0.1 5334360.391418077 516.8893604891481 32687224.160095707 0.077143 0.37705859541893005 
SR-Stab -1 -1 0 -1 -1 -1 -1 2.0 0.099999994 0.1 5334360.0448733345 516.8251978175821 32687260.66320087 0.077143 0.36963775753974915 
SR-Stab -1 -1 0 -1 -1 -1 -1 2.0 0.099999994 0.1 5334360.427460052 516.9693155305566 32687218.700302616 0.077143 0.3334837853908539 
SR-Stab -1 -1 0 -1 -1 -1 -1 2.0 0.099999994 0.1 5334360.558188058 520.7484817521753 32687227.99056293 0.077143 0.33271369338035583 
SR-Stab -1 -1 0 -1 -1 -1 -1 2.0 0.099999994 0.1 5334360.574536182 516.9046865122499 32687219.002388492 0.077143 0.31929779052734375 
SR-Stab -1 -1 0 -1 -1 -1 -1 2.0 0.099999994 0.1 5334360.020248987 516.8560954945268 32687236.750084415 0.077143 0.31595781445503235 
SR-Stab -1 -1 0 -1 -1 -1 -1 2.0 0.099999994 0.1 5334360.008728124 516.860440494317 32687236.51276447 0.077143 0.31554076075553894 
SR-Stab -1 -1 0 -1 -1 -1 -1 2.0 0.099999994 0.1 5334360.008701421 521.2204670922937 32687233.660278812 0.077143 0.4885922207603598 
SR-Stab -1 -1 0 -1 -1 -1 -1 2.0 0.099999994 0.1 5334360.457753994 516.887123467225 32687224.434326664 0.077143 0.2621541917324066 

