SR-Stab -1 -1 0 -1 -1 -1 -1 2.0 0.099999994 0.1 5334295.971836606 516.681775989933 32688772.826717492 0.077143 6.0173670468840275 
SR-Stab -1 -1 0 -1 -1 -1 -1 2.0 0.099999994 0.1 5334295.58936123 516.6390054849816 32688766.573333856 0.077143 4.8399251657279025 
SR-Stab -1 -1 0 -1 -1 -1 -1 2.0 0.099999994 0.1 5334296.004674951 516.6820109514427 32688760.401394006 0.077143 5.724103599743545 
SR-Stab -1 -1 0 -1 -1 -1 -1 2.0 0.099999994 0.1 5334296.305997888 516.6526510147286 32688779.042076226 0.077143 5.097075577294969 
SR-Stab -1 -1 0 -1 -1 -1 -1 2.0 0.099999994 0.1 5334295.529336968 516.6534894732666 32688754.362712976 0.077143 5.001231248950845 
SR-Stab -1 -1 0 -1 -1 -1 -1 2.0 0.099999994 0.1 5334296.258292714 516.3954729465676 32688778.886879083 0.077143 0.7450079154409955 
SR-Stab -1 -1 0 -1 -1 -1 -1 2.0 0.099999994 0.1 5334295.979394475 516.3823854951096 32688772.71440136 0.077143 0.7196744053263057 
SR-Stab -1 -1 0 -1 -1 -1 -1 2.0 0.099999994 0.1 5334296.018223802 516.3503379849625 32688760.283237573 0.077143 0.43361249566078186 
SR-Stab -1 -1 0 -1 -1 -1 -1 2.0 0.099999994 0.1 5334296.067720452 516.3818629411888 32688772.934255715 0.077143 0.5493078978870934 
SR-Stab -1 -1 0 -1 -1 -1 -1 2.0 0.099999994 0.1 5334295.922605554 516.3541199890805 32688760.491684075 0.077143 0.3869862801710485 
SR-Stab -1 -1 0 -1 -1 -1 -1 2.0 0.099999994 0.1 5334295.903839627 516.3514399854374 32688760.331707116 0.077143 0.3651416301727295 
SR-Stab -1 -1 0 -1 -1 -1 -1 2.0 0.099999994 0.1 5334295.57636551 516.3773079840374 32688766.75927746 0.077143 0.33122169971466064 
SR-Stab -1 -1 0 -1 -1 -1 -1 2.0 0.099999994 0.1 5334295.914290467 516.3511309949589 32688773.03057873 0.077143 0.2931327223777771 
SR-Stab -1 -1 0 -1 -1 -1 -1 2.0 0.099999994 0.1 5334295.689926663 516.3753299740982 32688766.697586175 0.077143 0.2834276556968689 
SR-Stab -1 -1 0 -1 -1 -1 -1 2.0 0.099999994 0.1 5334296.268548528 516.3952059773636 32688779.231311914 0.077143 0.28316470980644226 
SR-Stab -1 -1 0 -1 -1 -1 -1 2.0 0.099999994 0.1 5334296.114974538 516.3799299923611 32688772.81990063 0.077143 0.2591537833213806 

