SR-Stab -1 -1 0 -1 -1 -1 -1 2.0 0.099999994 0.1 5334376.944795375 519.5011258721352 32686651.616467062 0.077143 6.121397957915741 
SR-Stab -1 -1 0 -1 -1 -1 -1 2.0 0.099999994 0.1 5334376.547118907 519.3494878411293 32686657.008881155 0.077143 6.353411994081177 
SR-Stab -1 -1 0 -1 -1 -1 -1 2.0 0.099999994 0.1 5334376.390502219 519.5189477801323 32686673.754879538 0.077143 5.591974494484517 
SR-Stab -1 -1 0 -1 -1 -1 -1 2.0 0.099999994 0.1 5334376.436536555 519.0600368380547 32686656.99356896 0.077143 1.1773635460624554 
SR-Stab -1 -1 0 -1 -1 -1 -1 2.0 0.099999994 0.1 5334376.570502524 519.0584608316422 32686657.1631704 0.077143 0.596865177154541 
SR-Stab -1 -1 0 -1 -1 -1 -1 2.0 0.099999994 0.1 5334377.029813533 519.0878388285637 32686651.5149923 0.077143 1.0720161971320452 
SR-Stab -1 -1 0 -1 -1 -1 -1 2.0 0.099999994 0.1 5334376.972067599 519.097193300724 32686651.727352683 0.077143 0.5969718823347027 
SR-Stab -1 -1 0 -1 -1 -1 -1 2.0 0.099999994 0.1 5334376.669623618 519.0678158402443 32686657.06022698 0.077143 0.534977376461029 
SR-Stab -1 -1 0 -1 -1 -1 -1 2.0 0.099999994 0.1 5334376.8414766835 519.0844848155975 32686651.659325186 0.077143 0.31194135546684265 
SR-Stab -1 -1 0 -1 -1 -1 -1 2.0 0.099999994 0.1 5334376.688361411 519.0862478017807 32686657.182739798 0.077143 0.2773649421120049 
SR-Stab -1 -1 0 -1 -1 -1 -1 2.0 0.099999994 0.1 5334376.925945525 519.0850588083267 32686651.462860648 0.077143 0.27219992876052856 
SR-Stab -1 -1 0 -1 -1 -1 -1 2.0 0.099999994 0.1 5334376.537981276 519.9823258519173 32686671.35712487 0.077143 0.25454211235046387 

