SR-Stab -1 -1 0 -1 -1 -1 -1 2.0 0.099999994 0.1 5335302.62794714 486.84811731682623 32691253.06944296 0.077143 5.676981146811624 
SR-Stab -1 -1 0 -1 -1 -1 -1 2.0 0.099999994 0.1 5335303.274843502 486.8346523891529 32691252.553657744 0.077143 8.144750077022334 
SR-Stab -1 -1 0 -1 -1 -1 -1 2.0 0.099999994 0.1 5335303.506868648 486.40503081189 32691253.000572417 0.077143 1.404813982924901 
SR-Stab -1 -1 0 -1 -1 -1 -1 2.0 0.099999994 0.1 5335303.029863643 486.731162751778 32691253.50972006 0.077143 1.7629420705844256 
SR-Stab -1 -1 0 -1 -1 -1 -1 2.0 0.099999994 0.1 5335302.785494137 486.5491592537006 32691253.087326262 0.077143 0.7005925985459189 
SR-Stab -1 -1 0 -1 -1 -1 -1 2.0 0.099999994 0.1 5335303.162790584 486.81435271607245 32691253.526108 0.077143 1.9227404757215285 
SR-Stab -1 -1 0 -1 -1 -1 -1 2.0 0.099999994 0.1 5335303.40263586 486.40679177151526 32691252.557808135 0.077143 0.5818827152252197 
SR-Stab -1 -1 0 -1 -1 -1 -1 2.0 0.099999994 0.1 5335302.772920894 486.5512313495716 32691252.96485159 0.077143 0.5315782427787781 
SR-Stab -1 -1 0 -1 -1 -1 -1 2.0 0.099999994 0.1 5335303.307119655 486.5907697330555 32691253.510528777 0.077143 0.534722272081082 
SR-Stab -1 -1 0 -1 -1 -1 -1 2.0 0.099999994 0.1 5335303.263834286 486.42012282715643 32691252.39492819 0.077143 0.5245052150769502 
SR-Stab -1 -1 0 -1 -1 -1 -1 2.0 0.099999994 0.1 5335302.520609188 486.47090181217993 32691253.08796713 0.077143 0.34664990860717254 
SR-Stab -1 -1 0 -1 -1 -1 -1 2.0 0.099999994 0.1 5335303.149786281 486.43932184086646 32691252.46223471 0.077143 0.3158237338066101 
SR-Stab -1 -1 0 -1 -1 -1 -1 2.0 0.099999994 0.1 5335303.209299373 486.5907717596134 32691253.411392424 0.077143 0.27645206451416016 

