SR-Stab -1 -1 0 -1 -1 -1 -1 2.0 0.099999994 0.1 5334362.3183486825 517.3543394653155 32687155.495128457 0.077143 5.510807379739874 
SR-Stab -1 -1 0 -1 -1 -1 -1 2.0 0.099999994 0.1 5334362.456048048 517.2411674706294 32687150.845836464 0.077143 4.342035972897315 
SR-Stab -1 -1 0 -1 -1 -1 -1 2.0 0.099999994 0.1 5334362.241554058 517.1190224735095 32687183.04721052 0.077143 1.2183457591876516 
SR-Stab -1 -1 0 -1 -1 -1 -1 2.0 0.099999994 0.1 5334362.528464115 517.0268615333392 32687150.924392525 0.077143 0.4929307699203491 
SR-Stab -1 -1 0 -1 -1 -1 -1 2.0 0.099999994 0.1 5334362.4167516595 517.0759364811732 32687155.389316384 0.077143 0.4884582459926605 
SR-Stab -1 -1 0 -1 -1 -1 -1 2.0 0.099999994 0.1 5334362.333207167 517.0429844705417 32687150.820220772 0.077143 0.39662814140319824 
SR-Stab -1 -1 0 -1 -1 -1 -1 2.0 0.099999994 0.1 5334362.29405669 517.0251520125224 32687155.61839277 0.077143 0.583149222578438 
SR-Stab -1 -1 0 -1 -1 -1 -1 2.0 0.099999994 0.1 5334362.28123597 517.1591144649341 32687180.51596052 0.077143 0.29173603653907776 
SR-Stab -1 -1 0 -1 -1 -1 -1 2.0 0.099999994 0.1 5334362.500627077 517.0034065095737 32687150.727203194 0.077143 0.2616330743099608 

