SR-Stab -1 -1 0 -1 -1 -1 -1 2.0 0.099999994 0.1 5334357.889911134 517.1640868865112 32687355.330333825 0.077143 4.632553744140957 
SR-Stab -1 -1 0 -1 -1 -1 -1 2.0 0.099999994 0.1 5334357.609313179 517.1336127005676 32687321.08625805 0.077143 5.890592597279645 
SR-Stab -1 -1 0 -1 -1 -1 -1 2.0 0.099999994 0.1 5334357.811540205 517.2084317885498 32687314.1715852 0.077143 7.776406046082823 
SR-Stab -1 -1 0 -1 -1 -1 -1 2.0 0.099999994 0.1 5334357.504457165 516.856082805262 32687326.520820733 0.077143 1.3905134598115818 
SR-Stab -1 -1 0 -1 -1 -1 -1 2.0 0.099999994 0.1 5334357.546893168 516.937363334761 32687353.48155987 0.077143 1.9128371930922645 
SR-Stab -1 -1 0 -1 -1 -1 -1 2.0 0.099999994 0.1 5334357.947613258 516.891544767485 32687356.479065057 0.077143 1.6250133131570392 
SR-Stab -1 -1 0 -1 -1 -1 -1 2.0 0.099999994 0.1 5334357.959527213 516.8764793358902 32687356.56945431 0.077143 2.864866056116953 
SR-Stab -1 -1 0 -1 -1 -1 -1 2.0 0.099999994 0.1 5334357.546462674 517.3879607401947 32687350.558750268 0.077143 2.8047038513757427 
SR-Stab -1 -1 0 -1 -1 -1 -1 2.0 0.099999994 0.1 5334357.9094410725 516.832343765364 32687355.225231286 0.077143 0.456948459148407 
SR-Stab -1 -1 0 -1 -1 -1 -1 2.0 0.099999994 0.1 5334357.5541312285 517.4904154025177 32687348.0611726 0.077143 1.690727654148469 
SR-Stab -1 -1 0 -1 -1 -1 -1 2.0 0.099999994 0.1 5334358.014963705 520.5621467314819 32687317.948883172 0.077143 0.6248705808777278 
SR-Stab -1 -1 0 -1 -1 -1 -1 2.0 0.099999994 0.1 5334357.66048928 516.6423078261474 32687365.79932415 0.077143 0.5483806729316711 
SR-Stab -1 -1 0 -1 -1 -1 -1 2.0 0.099999994 0.1 5334357.648780663 516.708291300402 32687353.444019433 0.077143 0.6657676224396684 
SR-Stab -1 -1 0 -1 -1 -1 -1 2.0 0.099999994 0.1 5334357.871475238 516.7078707896331 32687356.456535455 0.077143 0.3771460529576838 
SR-Stab -1 -1 0 -1 -1 -1 -1 2.0 0.099999994 0.1 5334357.536993165 516.7169547759155 32687320.97636425 0.077143 0.3751394756273434 
SR-Stab -1 -1 0 -1 -1 -1 -1 2.0 0.099999994 0.1 5334357.604288179 516.707098790274 32687321.240936395 0.077143 0.3614557981491089 
SR-Stab -1 -1 0 -1 -1 -1 -1 2.0 0.099999994 0.1 5334357.992125113 516.6824628196815 32687355.428760644 0.077143 0.3497769236564636 
SR-Stab -1 -1 0 -1 -1 -1 -1 2.0 0.099999994 0.1 5334357.658025671 517.0969442807296 32687348.058494683 0.077143 0.9976917778463353 
SR-Stab -1 -1 0 -1 -1 -1 -1 2.0 0.099999994 0.1 5334357.496032167 521.1046195708374 32687321.809761163 0.077143 0.33371782302856445 
SR-Stab -1 -1 0 -1 -1 -1 -1 2.0 0.099999994 0.1 5334357.503418166 516.6389138184646 32687364.707931634 0.077143 0.31824517250061035 
SR-Stab -1 -1 0 -1 -1 -1 -1 2.0 0.099999994 0.1 5334358.008412141 516.7160627924064 32687317.415313836 0.077143 0.552813463947157 
SR-Stab -1 -1 0 -1 -1 -1 -1 2.0 0.099999994 0.1 5334357.748137075 516.8296107731918 32687355.23178112 0.077143 0.29789525270462036 
SR-Stab -1 -1 0 -1 -1 -1 -1 2.0 0.099999994 0.1 5334357.702340264 516.675476797686 32687365.688865777 0.077143 0.29432958364486694 
SR-Stab -1 -1 0 -1 -1 -1 -1 2.0 0.099999994 0.1 5334357.603764225 516.6414818249801 32687365.926277276 0.077143 0.27332091331481934 
SR-Stab -1 -1 0 -1 -1 -1 -1 2.0 0.099999994 0.1 5334357.528834153 516.7036368332962 32687326.42901623 0.077143 0.27205613255500793 
SR-Stab -1 -1 0 -1 -1 -1 -1 2.0 0.099999994 0.1 5334357.719973225 516.7122157894233 32687321.19716656 0.077143 0.2605297267436981 
SR-Stab -1 -1 0 -1 -1 -1 -1 2.0 0.099999994 0.1 5334357.895078141 516.7326018296341 32687314.085723992 0.077143 0.25112417340278625 
SR-Stab -1 -1 0 -1 -1 -1 -1 2.0 0.099999994 0.1 5334357.539670218 516.6779908023933 32687365.677745935 0.077143 0.25050681829452515 

