SR-Stab -1 -1 0 -1 -1 -1 -1 2.0 0.099999994 0.1 5334378.3580563115 519.3941628336906 32686630.37603051 0.077143 4.9490945028538995 
SR-Stab -1 -1 0 -1 -1 -1 -1 2.0 0.099999994 0.1 5334378.872631316 519.5369897484779 32686619.69215447 0.077143 4.7593495197420745 
SR-Stab -1 -1 0 -1 -1 -1 -1 2.0 0.099999994 0.1 5334378.605336432 519.654442846775 32686625.01850945 0.077143 7.115884588711047 
SR-Stab -1 -1 0 -1 -1 -1 -1 2.0 0.099999994 0.1 5334378.354155307 519.428418815136 32686661.355869833 0.077143 3.3732578758425324 
SR-Stab -1 -1 0 -1 -1 -1 -1 2.0 0.099999994 0.1 5334378.350520377 519.4237818717957 32686686.146267477 0.077143 4.827568204131151 
SR-Stab -1 -1 0 -1 -1 -1 -1 2.0 0.099999994 0.1 5334379.085833793 519.6303443312645 32686614.38157708 0.077143 6.031921990283285 
SR-Stab -1 -1 0 -1 -1 -1 -1 2.0 0.099999994 0.1 5334378.353984599 519.4809127449989 32686688.554375235 0.077143 3.371138724303663 
SR-Stab -1 -1 0 -1 -1 -1 -1 2.0 0.099999994 0.1 5334378.428030734 519.5586587786674 32686658.54097802 0.077143 5.168870280307335 
SR-Stab -1 -1 0 -1 -1 -1 -1 2.0 0.099999994 0.1 5334378.396645789 519.6955013871193 32686681.34323174 0.077143 4.105133175831111 
SR-Stab -1 -1 0 -1 -1 -1 -1 2.0 0.099999994 0.1 5334378.427112822 519.6323092579842 32686678.538223807 0.077143 2.848798816097003 
SR-Stab -1 -1 0 -1 -1 -1 -1 2.0 0.099999994 0.1 5334378.458057647 519.6172928214073 32686673.728321616 0.077143 2.748035485868717 
SR-Stab -1 -1 0 -1 -1 -1 -1 2.0 0.099999994 0.1 5334378.359481578 519.6391448378563 32686683.72681481 0.077143 2.7555573245973433 
SR-Stab -1 -1 0 -1 -1 -1 -1 2.0 0.099999994 0.1 5334378.445774798 519.7603037953377 32686676.13911492 0.077143 2.093060309242431 
SR-Stab -1 -1 0 -1 -1 -1 -1 2.0 0.099999994 0.1 5334378.355294471 519.2940818071365 32686653.129177634 0.077143 2.377390538768338 
SR-Stab -1 -1 0 -1 -1 -1 -1 2.0 0.099999994 0.1 5334378.510650878 519.187693297863 32686624.98675591 0.077143 0.9167201103979148 
SR-Stab -1 -1 0 -1 -1 -1 -1 2.0 0.099999994 0.1 5334378.689540152 519.2043233513832 32686683.762636725 0.077143 0.8247702899917148 
SR-Stab -1 -1 0 -1 -1 -1 -1 2.0 0.099999994 0.1 5334378.417052512 519.5813898444176 32686678.378788535 0.077143 1.5383970563734715 
SR-Stab -1 -1 0 -1 -1 -1 -1 2.0 0.099999994 0.1 5334378.390679126 519.5087857842445 32686681.186836783 0.077143 1.545639363354828 
SR-Stab -1 -1 0 -1 -1 -1 -1 2.0 0.099999994 0.1 5334378.476495509 519.6697987914085 32686671.32714135 0.077143 2.744244493271051 
SR-Stab -1 -1 0 -1 -1 -1 -1 2.0 0.099999994 0.1 5334379.078962569 523.4084122776985 32686669.702469412 0.077143 1.5671157935026376 
SR-Stab -1 -1 0 -1 -1 -1 -1 2.0 0.099999994 0.1 5334378.720574622 519.1395447850227 32686624.97404534 0.077143 0.4980970621109009 
SR-Stab -1 -1 0 -1 -1 -1 -1 2.0 0.099999994 0.1 5334378.457074885 519.3014268279076 32686673.578606192 0.077143 2.0170688985133776 
SR-Stab -1 -1 0 -1 -1 -1 -1 2.0 0.099999994 0.1 5334378.788966422 519.2815148234367 32686673.741673056 0.077143 0.9869727254801568 
SR-Stab -1 -1 0 -1 -1 -1 -1 2.0 0.099999994 0.1 5334378.677834754 519.1297668218613 32686625.148758475 0.077143 0.6067542880840989 
SR-Stab -1 -1 0 -1 -1 -1 -1 2.0 0.099999994 0.1 5334378.874455695 519.1560668349266 32686619.79737908 0.077143 0.467916339635849 
SR-Stab -1 -1 0 -1 -1 -1 -1 2.0 0.099999994 0.1 5334378.730221038 519.2756587862968 32686678.547218863 0.077143 0.4661014676094055 
SR-Stab -1 -1 0 -1 -1 -1 -1 2.0 0.099999994 0.1 5334378.434847121 519.5268662571907 32686676.01621682 0.077143 1.3496081373184368 
SR-Stab -1 -1 0 -1 -1 -1 -1 2.0 0.099999994 0.1 5334378.393172984 519.2870607972145 32686681.102284018 0.077143 0.610965581329245 
SR-Stab -1 -1 0 -1 -1 -1 -1 2.0 0.099999994 0.1 5334378.786772017 519.4847808480263 32686671.348976675 0.077143 0.6537694107540764 
SR-Stab -1 -1 0 -1 -1 -1 -1 2.0 0.099999994 0.1 5334378.716403251 519.1729767918587 32686681.35284478 0.077143 1.0752261957355607 
SR-Stab -1 -1 0 -1 -1 -1 -1 2.0 0.099999994 0.1 5334378.939656501 519.1265352964401 32686619.595459525 0.077143 0.5066840956796103 
SR-Stab -1 -1 0 -1 -1 -1 -1 2.0 0.099999994 0.1 5334378.738430266 519.187718808651 32686619.679886404 0.077143 0.9247329231671704 
SR-Stab -1 -1 0 -1 -1 -1 -1 2.0 0.099999994 0.1 5334378.381532435 519.028771340847 32686661.481567923 0.077143 0.47319673571955584 
SR-Stab -1 -1 0 -1 -1 -1 -1 2.0 0.099999994 0.1 5334378.676882987 519.0922583341599 32686686.149252478 0.077143 0.6839537398139014 
SR-Stab -1 -1 0 -1 -1 -1 -1 2.0 0.099999994 0.1 5334378.973113303 523.4146688580513 32686669.700150076 0.077143 0.5676668530456187 
SR-Stab -1 -1 0 -1 -1 -1 -1 2.0 0.099999994 0.1 5334378.369646315 519.2355118393898 32686683.421272818 0.077143 0.3236444592475891 
SR-Stab -1 -1 0 -1 -1 -1 -1 2.0 0.099999994 0.1 5334378.361176734 519.369618833065 32686683.620430533 0.077143 0.8358730850690576 
SR-Stab -1 -1 0 -1 -1 -1 -1 2.0 0.099999994 0.1 5334378.437114005 519.3134993314743 32686675.88420159 0.077143 0.45963023473005915 
SR-Stab -1 -1 0 -1 -1 -1 -1 2.0 0.099999994 0.1 5334378.747843985 519.2168918251991 32686676.140602652 0.077143 0.4892868459707378 
SR-Stab -1 -1 0 -1 -1 -1 -1 2.0 0.099999994 0.1 5334378.848335509 519.1640167832375 32686619.524414603 0.077143 0.2720602750778198 
SR-Stab -1 -1 0 -1 -1 -1 -1 2.0 0.099999994 0.1 5334378.496632819 519.033029794693 32686661.33851296 0.077143 0.2658769190311432 

