SR-Stab -1 -1 0 -1 -1 -1 -1 2.0 0.099999994 0.1 5334380.3978888625 519.7271083404249 32686529.00334961 0.077143 5.5681362532315735 
SR-Stab -1 -1 0 -1 -1 -1 -1 2.0 0.099999994 0.1 5334380.354079925 519.785225372476 32686534.37505371 0.077143 10.568421709394897 
SR-Stab -1 -1 0 -1 -1 -1 -1 2.0 0.099999994 0.1 5334380.303239309 519.6098213602728 32686539.01844818 0.077143 4.8771233427023875 
SR-Stab -1 -1 0 -1 -1 -1 -1 2.0 0.099999994 0.1 5334380.446781837 519.6598378826803 32686524.37467224 0.077143 8.084581633677418 
SR-Stab -1 -1 0 -1 -1 -1 -1 2.0 0.099999994 0.1 5334380.25737282 519.618752341432 32686544.393181153 0.077143 8.827989081459693 
SR-Stab -1 -1 0 -1 -1 -1 -1 2.0 0.099999994 0.1 5334380.203714811 519.7581924010939 32686549.03447754 0.077143 4.882844353088537 
SR-Stab -1 -1 0 -1 -1 -1 -1 2.0 0.099999994 0.1 5334380.38498255 519.4705918242163 32686609.57931549 0.077143 6.815259379173692 
SR-Stab -1 -1 0 -1 -1 -1 -1 2.0 0.099999994 0.1 5334380.442120754 519.5337472964949 32686604.245174713 0.077143 3.9678402571908875 
SR-Stab -1 -1 0 -1 -1 -1 -1 2.0 0.099999994 0.1 5334380.2041239375 519.3989404250807 32686554.35957367 0.077143 1.185485775383619 
SR-Stab -1 -1 0 -1 -1 -1 -1 2.0 0.099999994 0.1 5334380.211322748 519.8371587802595 32686606.174377747 0.077143 4.7864372249776 
SR-Stab -1 -1 0 -1 -1 -1 -1 2.0 0.099999994 0.1 5334380.4467653865 519.341327886743 32686519.046486206 0.077143 1.5017199168050877 
SR-Stab -1 -1 0 -1 -1 -1 -1 2.0 0.099999994 0.1 5334380.201638185 519.6979073096937 32686585.575126953 0.077143 1.6518323027568103 
SR-Stab -1 -1 0 -1 -1 -1 -1 2.0 0.099999994 0.1 5334380.254891598 519.8251908828444 32686603.776321717 0.077143 4.349025064401741 
SR-Stab -1 -1 0 -1 -1 -1 -1 2.0 0.099999994 0.1 5334380.206726992 519.3157182742781 32686608.563358612 0.077143 0.8150261950484855 
SR-Stab -1 -1 0 -1 -1 -1 -1 2.0 0.099999994 0.1 5334380.298213922 519.3351093937582 32686529.013634034 0.077143 0.4817420244216919 
SR-Stab -1 -1 0 -1 -1 -1 -1 2.0 0.099999994 0.1 5334380.458684885 519.2933518697447 32686534.36589081 0.077143 0.6853229999542236 
SR-Stab -1 -1 0 -1 -1 -1 -1 2.0 0.099999994 0.1 5334380.456594908 519.2412553836531 32686557.996979065 0.077143 0.48291710019111633 
SR-Stab -1 -1 0 -1 -1 -1 -1 2.0 0.099999994 0.1 5334380.202238523 522.3039748479551 32686607.989685364 0.077143 0.9971458572872862 
SR-Stab -1 -1 0 -1 -1 -1 -1 2.0 0.099999994 0.1 5334380.453906977 519.3179104139036 32686524.494606324 0.077143 0.4363703429698944 
SR-Stab -1 -1 0 -1 -1 -1 -1 2.0 0.099999994 0.1 5334380.472166979 522.9878291894621 32686558.561638184 0.077143 0.4066130816936493 
SR-Stab -1 -1 0 -1 -1 -1 -1 2.0 0.099999994 0.1 5334380.246549808 519.2844514061636 32686538.895958252 0.077143 0.37657161150415563 
SR-Stab -1 -1 0 -1 -1 -1 -1 2.0 0.099999994 0.1 5334380.378568851 519.2868354131407 32686538.910637207 0.077143 0.3751860558986664 
SR-Stab -1 -1 0 -1 -1 -1 -1 2.0 0.099999994 0.1 5334380.266478025 519.247877400083 32686544.52072174 0.077143 0.34311190247535706 
SR-Stab -1 -1 0 -1 -1 -1 -1 2.0 0.099999994 0.1 5334380.328997576 519.1457658220953 32686609.5122307 0.077143 0.35163720198173015 
SR-Stab -1 -1 0 -1 -1 -1 -1 2.0 0.099999994 0.1 5334380.372281753 519.2880983759588 32686539.130203553 0.077143 0.3359798192977905 
SR-Stab -1 -1 0 -1 -1 -1 -1 2.0 0.099999994 0.1 5334380.225541555 520.5388567258543 32686601.383456536 0.077143 0.5844213282853095 
SR-Stab -1 -1 0 -1 -1 -1 -1 2.0 0.099999994 0.1 5334380.390162432 519.2802343775458 32686544.37088806 0.077143 0.41204237937927246 
SR-Stab -1 -1 0 -1 -1 -1 -1 2.0 0.099999994 0.1 5334380.33164283 519.2878973890967 32686524.40052826 0.077143 0.30344638228416443 
SR-Stab -1 -1 0 -1 -1 -1 -1 2.0 0.099999994 0.1 5334380.463471853 519.2442123700804 32686558.130516358 0.077143 0.29851990938186646 
SR-Stab -1 -1 0 -1 -1 -1 -1 2.0 0.099999994 0.1 5334380.334904396 521.7458619882292 32686591.488830872 0.077143 0.28458157181739807 
SR-Stab -1 -1 0 -1 -1 -1 -1 2.0 0.099999994 0.1 5334380.20010873 523.7107891847319 32686546.000480957 0.077143 0.2822383940219879 
SR-Stab -1 -1 0 -1 -1 -1 -1 2.0 0.099999994 0.1 5334380.246751749 519.2704483677572 32686534.392525025 0.077143 0.2564310133457184 

