SR-Stab -1 -1 0 -1 -1 -1 -1 2.0 0.099999994 0.1 5334358.667406179 517.1514483111085 32687284.2630582 0.077143 5.026593836222968 
SR-Stab -1 -1 0 -1 -1 -1 -1 2.0 0.099999994 0.1 5334358.478208162 517.1756168620767 32687291.1294408 0.077143 7.665462380850561 
SR-Stab -1 -1 0 -1 -1 -1 -1 2.0 0.099999994 0.1 5334358.7785893455 516.7798007743539 32687284.250473514 0.077143 0.4326437711715698 
SR-Stab -1 -1 0 -1 -1 -1 -1 2.0 0.099999994 0.1 5334358.777606584 516.8803378360452 32687289.94250919 0.077143 1.0075175538404113 
SR-Stab -1 -1 0 -1 -1 -1 -1 2.0 0.099999994 0.1 5334358.523605444 517.3900293128671 32687313.004821792 0.077143 0.5014615900872217 
SR-Stab -1 -1 0 -1 -1 -1 -1 2.0 0.099999994 0.1 5334358.529577352 516.7718467729272 32687291.229401127 0.077143 0.3200777471065521 
SR-Stab -1 -1 0 -1 -1 -1 -1 2.0 0.099999994 0.1 5334358.780415155 516.7665507810297 32687289.82148029 0.077143 0.28591257333755493 
SR-Stab -1 -1 0 -1 -1 -1 -1 2.0 0.099999994 0.1 5334358.784176923 517.0033147947969 32687290.383644596 0.077143 0.28503599762916565 
SR-Stab -1 -1 0 -1 -1 -1 -1 2.0 0.099999994 0.1 5334358.45232401 519.3389067666711 32687303.012962833 0.077143 0.28148379921913147 
SR-Stab -1 -1 0 -1 -1 -1 -1 2.0 0.099999994 0.1 5334358.775981046 516.780975820321 32687284.385033146 0.077143 0.26852017641067505 
SR-Stab -1 -1 0 -1 -1 -1 -1 2.0 0.099999994 0.1 5334358.507639028 516.7849568145456 32687284.25630237 0.077143 0.2656794488430023 

