SR-Stab -1 -1 0 -1 -1 -1 -1 2.0 0.099999994 0.1 5334294.233310739 516.6655079750252 32688748.225498315 0.077143 4.61779703203105 
SR-Stab -1 -1 0 -1 -1 -1 -1 2.0 0.099999994 0.1 5334293.869672814 516.6839664606285 32688735.966240045 0.077143 7.690722093978723 
SR-Stab -1 -1 0 -1 -1 -1 -1 2.0 0.099999994 0.1 5334293.969215432 516.3140064505768 32688710.212997552 0.077143 1.8459883710972604 
SR-Stab -1 -1 0 -1 -1 -1 -1 2.0 0.099999994 0.1 5334294.307763139 516.3135679988098 32688748.11467373 0.077143 0.6531544849938508 
SR-Stab -1 -1 0 -1 -1 -1 -1 2.0 0.099999994 0.1 5334293.948934594 516.3415969638062 32688711.165458795 0.077143 1.5653609117699452 
SR-Stab -1 -1 0 -1 -1 -1 -1 2.0 0.099999994 0.1 5334293.976156274 516.3643359569741 32688711.345108148 0.077143 0.49467629194259644 
SR-Stab -1 -1 0 -1 -1 -1 -1 2.0 0.099999994 0.1 5334294.334558049 517.6109258560372 32688710.771843072 0.077143 1.7339221233707405 
SR-Stab -1 -1 0 -1 -1 -1 -1 2.0 0.099999994 0.1 5334294.11559681 516.2774664787484 32688748.322044488 0.077143 0.5098180174827576 
SR-Stab -1 -1 0 -1 -1 -1 -1 2.0 0.099999994 0.1 5334294.115561524 516.2906339792443 32688748.115150567 0.077143 0.3412109315395355 
SR-Stab -1 -1 0 -1 -1 -1 -1 2.0 0.099999994 0.1 5334294.1221409235 516.2229609815312 32688748.252811547 0.077143 0.3276836367916073 
SR-Stab -1 -1 0 -1 -1 -1 -1 2.0 0.099999994 0.1 5334293.842397729 516.7092599896622 32688735.171688195 0.077143 0.787920555048683 

