SR-Stab -1 -1 0 -1 -1 -1 -1 2.0 0.099999994 0.1 5334361.216449059 517.300585493262 32687194.19601423 0.077143 5.746921029876333 
SR-Stab -1 -1 0 -1 -1 -1 -1 2.0 0.099999994 0.1 5334361.032022155 517.3017784802272 32687201.120271508 0.077143 4.819657351796395 
SR-Stab -1 -1 0 -1 -1 -1 -1 2.0 0.099999994 0.1 5334361.30898217 516.9451654998614 32687194.223945443 0.077143 0.4495539367198944 
SR-Stab -1 -1 0 -1 -1 -1 -1 2.0 0.099999994 0.1 5334361.079601205 516.9865375010326 32687194.20862562 0.077143 0.41315075755119324 
SR-Stab -1 -1 0 -1 -1 -1 -1 2.0 0.099999994 0.1 5334361.036230243 516.9284795371844 32687201.24435884 0.077143 0.34648650884628296 
SR-Stab -1 -1 0 -1 -1 -1 -1 2.0 0.099999994 0.1 5334361.031524218 516.9312909690692 32687200.98441488 0.077143 0.5070917494087448 
SR-Stab -1 -1 0 -1 -1 -1 -1 2.0 0.099999994 0.1 5334361.309006966 516.9425405113055 32687194.08576948 0.077143 0.3220921456813812 
SR-Stab -1 -1 0 -1 -1 -1 -1 2.0 0.099999994 0.1 5334361.308879173 516.9478524772479 32687194.323226754 0.077143 0.31518179178237915 
SR-Stab -1 -1 0 -1 -1 -1 -1 2.0 0.099999994 0.1 5334361.154018915 516.9259955136134 32687201.14553434 0.077143 0.29176793410110213 

