SR-Stab -1 -1 0 -1 -1 -1 -1 2.0 0.099999994 0.1 5334359.887907602 517.2940080182733 32687241.398033634 0.077143 5.171975380101423 
SR-Stab -1 -1 0 -1 -1 -1 -1 2.0 0.099999994 0.1 5334359.726906873 517.2122594731035 32687246.826706424 0.077143 4.397582422444101 
SR-Stab -1 -1 0 -1 -1 -1 -1 2.0 0.099999994 0.1 5334359.5401793495 517.26505398919 32687253.66671039 0.077143 5.820070765115749 
SR-Stab -1 -1 0 -1 -1 -1 -1 2.0 0.099999994 0.1 5334359.534934618 517.2060583250703 32687278.03825046 0.077143 5.332657686613176 
SR-Stab -1 -1 0 -1 -1 -1 -1 2.0 0.099999994 0.1 5334360.003944494 517.2293779866876 32687236.619415775 0.077143 2.401425985802394 
SR-Stab -1 -1 0 -1 -1 -1 -1 2.0 0.099999994 0.1 5334359.576421358 517.35729384591 32687275.55041553 0.077143 4.190494525470256 
SR-Stab -1 -1 0 -1 -1 -1 -1 2.0 0.099999994 0.1 5334359.6061140075 516.8342924730958 32687246.906845585 0.077143 1.0127719640731812 
SR-Stab -1 -1 0 -1 -1 -1 -1 2.0 0.099999994 0.1 5334359.692037202 516.855853499669 32687246.93272449 0.077143 0.43675652146339417 
SR-Stab -1 -1 0 -1 -1 -1 -1 2.0 0.099999994 0.1 5334359.8872939125 516.8463355319681 32687241.509819523 0.077143 0.42805421352386475 
SR-Stab -1 -1 0 -1 -1 -1 -1 2.0 0.099999994 0.1 5334359.588299848 517.9250817315759 32687273.051498905 0.077143 1.1093000356510467 
SR-Stab -1 -1 0 -1 -1 -1 -1 2.0 0.099999994 0.1 5334359.835426904 516.8548495190324 32687241.27699329 0.077143 0.39951711893081665 
SR-Stab -1 -1 0 -1 -1 -1 -1 2.0 0.099999994 0.1 5334359.750031091 516.8541585223855 32687246.719627872 0.077143 0.38173799291316873 
SR-Stab -1 -1 0 -1 -1 -1 -1 2.0 0.099999994 0.1 5334359.541351892 516.7882788198175 32687278.13044788 0.077143 0.36405378580093384 
SR-Stab -1 -1 0 -1 -1 -1 -1 2.0 0.099999994 0.1 5334359.5309349075 519.0673408525171 32687265.54514362 0.077143 0.3500959575176239 
SR-Stab -1 -1 0 -1 -1 -1 -1 2.0 0.099999994 0.1 5334360.007397272 517.06748551299 32687247.94887592 0.077143 0.5922807812378956 

