SR-Stab -1 -1 0 -1 -1 -1 -1 2.0 0.099999994 0.1 5334956.0088098785 505.1797330370642 32690513.055076476 0.077143 6.182452910514675 
SR-Stab -1 -1 0 -1 -1 -1 -1 2.0 0.099999994 0.1 5334956.088769748 504.9348529568411 32690509.497657653 0.077143 0.5840881287648356 
SR-Stab -1 -1 0 -1 -1 -1 -1 2.0 0.099999994 0.1 5334955.850113048 506.4951364985205 32690499.967391845 0.077143 0.33211085200309753 
SR-Stab -1 -1 0 -1 -1 -1 -1 2.0 0.099999994 0.1 5334956.09527482 504.7646950474478 32690513.20307147 0.077143 0.3073671758174896 
SR-Stab -1 -1 0 -1 -1 -1 -1 2.0 0.099999994 0.1 5334955.934787824 504.9404035201765 32690509.45247638 0.077143 0.39496942845849736 
SR-Stab -1 -1 0 -1 -1 -1 -1 2.0 0.099999994 0.1 5334955.961586847 504.77145999581586 32690513.201644775 0.077143 0.291226863861084 
SR-Stab -1 -1 0 -1 -1 -1 -1 2.0 0.099999994 0.1 5334955.382205977 508.2982153883673 32690470.075233337 0.077143 0.2815954387187958 
SR-Stab -1 -1 0 -1 -1 -1 -1 2.0 0.099999994 0.1 5334956.049742057 517.023936270783 32690481.81524646 0.077143 0.2591768205165863 
SR-Stab -1 -1 0 -1 -1 -1 -1 2.0 0.099999994 0.1 5334955.937267854 504.77655500085126 32690512.937034484 0.077143 0.25841912627220154 
SR-Stab -1 -1 0 -1 -1 -1 -1 2.0 0.099999994 0.1 5334955.958036914 505.30636000544797 32690509.583541747 0.077143 0.2560531497001648 
SR-Stab -1 -1 0 -1 -1 -1 -1 2.0 0.099999994 0.1 5334955.848194017 516.6530904761053 32690481.851341125 0.077143 0.25028902292251587 

