SR-Stab -1 -1 0 -1 -1 -1 -1 2.0 0.099999994 0.1 5334956.619337349 505.0558350077368 32690519.132869598 0.077143 5.285511610010763 
SR-Stab -1 -1 0 -1 -1 -1 -1 2.0 0.099999994 0.1 5334957.204485848 505.07855558306943 32690525.244800445 0.077143 4.33866870550023 
SR-Stab -1 -1 0 -1 -1 -1 -1 2.0 0.099999994 0.1 5334956.575395851 504.7591320267416 32690519.237937804 0.077143 0.5477019548416138 
SR-Stab -1 -1 0 -1 -1 -1 -1 2.0 0.099999994 0.1 5334957.056997373 504.6819235077597 32690525.23867404 0.077143 0.591997409115215 
SR-Stab -1 -1 0 -1 -1 -1 -1 2.0 0.099999994 0.1 5334957.1827943465 504.63074004561673 32690525.363929626 0.077143 0.6889493947509437 
SR-Stab -1 -1 0 -1 -1 -1 -1 2.0 0.099999994 0.1 5334957.205191835 504.6608350268103 32690525.125526305 0.077143 0.39691129326820374 
SR-Stab -1 -1 0 -1 -1 -1 -1 2.0 0.099999994 0.1 5334957.373488917 504.67352300793897 32690525.267871734 0.077143 0.5278326163968775 
SR-Stab -1 -1 0 -1 -1 -1 -1 2.0 0.099999994 0.1 5334956.524748935 505.00771105201017 32690510.15986621 0.077143 0.31469979882240295 
SR-Stab -1 -1 0 -1 -1 -1 -1 2.0 0.099999994 0.1 5334957.313309862 504.680397032807 32690525.087707397 0.077143 0.2906053960323334 
SR-Stab -1 -1 0 -1 -1 -1 -1 2.0 0.099999994 0.1 5334956.71780791 504.71154796988736 32690519.132476684 0.077143 0.28143101930618286 

