SR-Stab -1 -1 0 -1 -1 -1 -1 2.0 0.099999994 0.1 5334631.666292243 507.75896808848694 32693426.340210114 0.077143 5.7019221713951715 
SR-Stab -1 -1 0 -1 -1 -1 -1 2.0 0.099999994 0.1 5334631.705730967 507.63533409283474 32693427.501144562 0.077143 2.086598116040449 
SR-Stab -1 -1 0 -1 -1 -1 -1 2.0 0.099999994 0.1 5334631.37835031 509.31014450238064 32693402.122551117 0.077143 2.4131612399601257 
SR-Stab -1 -1 0 -1 -1 -1 -1 2.0 0.099999994 0.1 5334631.270205073 510.59291716263607 32693404.602028046 0.077143 2.873190476197603 
SR-Stab -1 -1 0 -1 -1 -1 -1 2.0 0.099999994 0.1 5334631.72661119 507.5246285830529 32693427.59390274 0.077143 1.1568500004248268 
SR-Stab -1 -1 0 -1 -1 -1 -1 2.0 0.099999994 0.1 5334631.335928492 508.4259135906489 32693399.012672577 0.077143 0.6639053261179408 
SR-Stab -1 -1 0 -1 -1 -1 -1 2.0 0.099999994 0.1 5334631.428428225 508.64258416340664 32693400.89797226 0.077143 1.227687063291892 
SR-Stab -1 -1 0 -1 -1 -1 -1 2.0 0.099999994 0.1 5334631.224542193 511.2581979815753 32693405.83155075 0.077143 0.9541507196733092 
SR-Stab -1 -1 0 -1 -1 -1 -1 2.0 0.099999994 0.1 5334631.173121981 511.46434207604244 32693407.132942352 0.077143 1.076240714486255 
SR-Stab -1 -1 0 -1 -1 -1 -1 2.0 0.099999994 0.1 5334631.323950343 509.7156900946887 32693403.35977951 0.077143 0.936351756601629 
SR-Stab -1 -1 0 -1 -1 -1 -1 2.0 0.099999994 0.1 5334631.475603156 508.6250191514285 32693399.67366806 0.077143 0.8708759944223441 
SR-Stab -1 -1 0 -1 -1 -1 -1 2.0 0.099999994 0.1 5334631.589302115 511.90050264046505 32693400.47232834 0.077143 0.26713094115257263 

