SR-Stab -1 -1 0 -1 -1 -1 -1 2.0 0.099999994 0.1 5334381.681955935 519.6183974059448 32686393.2885172 0.077143 5.994902395191388 
SR-Stab -1 -1 0 -1 -1 -1 -1 2.0 0.099999994 0.1 5334381.625068428 519.6167558940277 32686408.361587726 0.077143 6.201882294308957 
SR-Stab -1 -1 0 -1 -1 -1 -1 2.0 0.099999994 0.1 5334381.652982475 519.8015788110123 32686403.54470464 0.077143 6.209206597842354 
SR-Stab -1 -1 0 -1 -1 -1 -1 2.0 0.099999994 0.1 5334381.5234634895 519.481992414795 32686373.432792865 0.077143 8.792543941387171 
SR-Stab -1 -1 0 -1 -1 -1 -1 2.0 0.099999994 0.1 5334381.678068997 519.6660004170761 32686398.772903644 0.077143 6.802644316492946 
SR-Stab -1 -1 0 -1 -1 -1 -1 2.0 0.099999994 0.1 5334381.5827789325 519.6239928515778 32686378.867988788 0.077143 5.703611534321663 
SR-Stab -1 -1 0 -1 -1 -1 -1 2.0 0.099999994 0.1 5334381.667685987 519.7597803386078 32686388.52205678 0.077143 7.56536185978792 
SR-Stab -1 -1 0 -1 -1 -1 -1 2.0 0.099999994 0.1 5334381.635401012 519.7742133649216 32686383.722553454 0.077143 10.032858629944736 
SR-Stab -1 -1 0 -1 -1 -1 -1 2.0 0.099999994 0.1 5334381.416000964 519.642101338707 32686368.619934283 0.077143 8.055404351622837 
SR-Stab -1 -1 0 -1 -1 -1 -1 2.0 0.099999994 0.1 5334381.369307997 519.5081468733177 32686315.490036212 0.077143 5.450436504799226 
SR-Stab -1 -1 0 -1 -1 -1 -1 2.0 0.099999994 0.1 5334381.560292484 519.6833328517304 32686413.83860769 0.077143 4.775419134719865 
SR-Stab -1 -1 0 -1 -1 -1 -1 2.0 0.099999994 0.1 5334381.717625501 519.1569458754883 32686354.93919774 0.077143 1.3728854741074836 
SR-Stab -1 -1 0 -1 -1 -1 -1 2.0 0.099999994 0.1 5334381.40789807 519.5456203730927 32686317.991035663 0.077143 4.016108488667522 
SR-Stab -1 -1 0 -1 -1 -1 -1 2.0 0.099999994 0.1 5334381.410313012 519.2602533610687 32686373.43450185 0.077143 0.49030071451789875 
SR-Stab -1 -1 0 -1 -1 -1 -1 2.0 0.099999994 0.1 5334381.724996569 519.228005370699 32686383.781299792 0.077143 0.5754704475402832 
SR-Stab -1 -1 0 -1 -1 -1 -1 2.0 0.099999994 0.1 5334381.506838085 519.3235473545418 32686408.38106557 0.077143 0.4809390381203229 
SR-Stab -1 -1 0 -1 -1 -1 -1 2.0 0.099999994 0.1 5334381.726848008 519.2392843874321 32686393.164795123 0.077143 0.4399111866950989 
SR-Stab -1 -1 0 -1 -1 -1 -1 2.0 0.099999994 0.1 5334381.656562926 519.2630124004708 32686408.473579608 0.077143 0.42017680406570435 
SR-Stab -1 -1 0 -1 -1 -1 -1 2.0 0.099999994 0.1 5334381.688506963 519.2097543688641 32686378.979187213 0.077143 0.6427857566126558 
SR-Stab -1 -1 0 -1 -1 -1 -1 2.0 0.099999994 0.1 5334381.377851011 519.2346703918801 32686373.331756793 0.077143 0.39501523971557617 
SR-Stab -1 -1 0 -1 -1 -1 -1 2.0 0.099999994 0.1 5334381.446525099 520.0443823846207 32686320.49939748 0.077143 1.5651824179643952 
SR-Stab -1 -1 0 -1 -1 -1 -1 2.0 0.099999994 0.1 5334381.724389913 519.2603773387299 32686408.257698737 0.077143 0.38269247503346304 
SR-Stab -1 -1 0 -1 -1 -1 -1 2.0 0.099999994 0.1 5334381.36346698 523.471035769783 32686355.76159688 0.077143 0.46827542781829834 
SR-Stab -1 -1 0 -1 -1 -1 -1 2.0 0.099999994 0.1 5334381.575616004 519.2594873817787 32686388.559532367 0.077143 0.3525712490081787 
SR-Stab -1 -1 0 -1 -1 -1 -1 2.0 0.099999994 0.1 5334381.697877886 519.2420808883534 32686388.653051578 0.077143 0.5201721837999369 
SR-Stab -1 -1 0 -1 -1 -1 -1 2.0 0.099999994 0.1 5334381.71880901 519.2444283874855 32686393.427139483 0.077143 0.3381834924221039 
SR-Stab -1 -1 0 -1 -1 -1 -1 2.0 0.099999994 0.1 5334381.666695001 519.2335353704319 32686383.835495196 0.077143 0.3339156020676465 
SR-Stab -1 -1 0 -1 -1 -1 -1 2.0 0.099999994 0.1 5334381.46246195 519.3372753771172 32686413.841926686 0.077143 0.3336503207683563 
SR-Stab -1 -1 0 -1 -1 -1 -1 2.0 0.099999994 0.1 5334381.667338969 519.2579503568039 32686403.654854022 0.077143 0.32689815759658813 
SR-Stab -1 -1 0 -1 -1 -1 -1 2.0 0.099999994 0.1 5334381.54669142 519.306289842926 32686398.76543065 0.077143 0.5004667027133208 
SR-Stab -1 -1 0 -1 -1 -1 -1 2.0 0.099999994 0.1 5334381.619560005 519.2182573886738 32686378.767372333 0.077143 0.3058335781097412 
SR-Stab -1 -1 0 -1 -1 -1 -1 2.0 0.099999994 0.1 5334381.486013057 519.2139743777142 32686368.500629626 0.077143 0.3012978136539459 
SR-Stab -1 -1 0 -1 -1 -1 -1 2.0 0.099999994 0.1 5334381.618029954 519.2483523698673 32686393.3799059 0.077143 0.2943645119667053 
SR-Stab -1 -1 0 -1 -1 -1 -1 2.0 0.099999994 0.1 5334381.432255032 519.2085353644715 32686368.790054522 0.077143 0.29031336307525635 
SR-Stab -1 -1 0 -1 -1 -1 -1 2.0 0.099999994 0.1 5334381.4798870105 519.3197003515587 32686383.708992206 0.077143 0.2788313031196594 

