SR-Stab -1 -1 0 -1 -1 -1 -1 2.0 0.099999994 0.1 5334297.157527632 516.8554774581626 32688797.55484033 0.077143 6.903151307701659 
SR-Stab -1 -1 0 -1 -1 -1 -1 2.0 0.099999994 0.1 5334297.10700745 516.9260661660865 32688877.794983152 0.077143 4.9232343565029195 
SR-Stab -1 -1 0 -1 -1 -1 -1 2.0 0.099999994 0.1 5334296.857191033 516.9798566161826 32688883.877165083 0.077143 4.5676784261713035 
SR-Stab -1 -1 0 -1 -1 -1 -1 2.0 0.099999994 0.1 5334297.213682598 522.7055972873404 32688871.94311166 0.077143 3.4424651020222266 
SR-Stab -1 -1 0 -1 -1 -1 -1 2.0 0.099999994 0.1 5334297.0889195865 522.6514037906363 32688871.93495393 0.077143 1.358008921051886 
SR-Stab -1 -1 0 -1 -1 -1 -1 2.0 0.099999994 0.1 5334297.196616597 516.5749986230567 32688877.84930635 0.077143 0.7006818056106567 
SR-Stab -1 -1 0 -1 -1 -1 -1 2.0 0.099999994 0.1 5334296.998697466 516.5796331226065 32688877.784466032 0.077143 0.48763519525527954 
SR-Stab -1 -1 0 -1 -1 -1 -1 2.0 0.099999994 0.1 5334297.212691492 516.5863191544249 32688877.926838163 0.077143 0.43989133834838867 
SR-Stab -1 -1 0 -1 -1 -1 -1 2.0 0.099999994 0.1 5334297.084229655 516.4488929866984 32688797.702339415 0.077143 0.3795284926891327 
SR-Stab -1 -1 0 -1 -1 -1 -1 2.0 0.099999994 0.1 5334296.850022501 516.5774461089804 32688884.001796965 0.077143 0.37119466066360474 
SR-Stab -1 -1 0 -1 -1 -1 -1 2.0 0.099999994 0.1 5334297.196581549 516.4483049868777 32688797.71071649 0.077143 0.347432017326355 
SR-Stab -1 -1 0 -1 -1 -1 -1 2.0 0.099999994 0.1 5334297.212254471 516.562336152716 32688877.657058958 0.077143 0.2527092397212982 

