SR-Stab -1 -1 0 -1 -1 -1 -1 2.0 0.099999994 0.1 5334378.024051909 519.5757033228874 32686635.73880822 0.077143 4.830589028879067 
SR-Stab -1 -1 0 -1 -1 -1 -1 2.0 0.099999994 0.1 5334378.334086661 519.4872688651085 32686630.35649926 0.077143 5.49048777579612 
SR-Stab -1 -1 0 -1 -1 -1 -1 2.0 0.099999994 0.1 5334378.3421413945 519.6125548481941 32686686.123207632 0.077143 3.602511651506276 
SR-Stab -1 -1 0 -1 -1 -1 -1 2.0 0.099999994 0.1 5334378.321429496 519.5166807770729 32686688.520515982 0.077143 3.2025637069757513 
SR-Stab -1 -1 0 -1 -1 -1 -1 2.0 0.099999994 0.1 5334378.34261251 519.3704918026924 32686685.991596762 0.077143 1.8489733709828344 
SR-Stab -1 -1 0 -1 -1 -1 -1 2.0 0.099999994 0.1 5334377.854683642 519.1958097815514 32686635.71760613 0.077143 0.774402144470879 
SR-Stab -1 -1 0 -1 -1 -1 -1 2.0 0.099999994 0.1 5334378.318776374 519.4465118050575 32686688.41650826 0.077143 1.6139883027906319 
SR-Stab -1 -1 0 -1 -1 -1 -1 2.0 0.099999994 0.1 5334378.0187513875 519.1130138039589 32686635.83544976 0.077143 0.672488085000277 
SR-Stab -1 -1 0 -1 -1 -1 -1 2.0 0.099999994 0.1 5334378.343094115 519.381099820137 32686685.917786185 0.077143 1.2799316314232558 
SR-Stab -1 -1 0 -1 -1 -1 -1 2.0 0.099999994 0.1 5334378.315454726 519.3367808461189 32686688.277756277 0.077143 1.7103431167671914 
SR-Stab -1 -1 0 -1 -1 -1 -1 2.0 0.099999994 0.1 5334378.339408641 519.1398158073425 32686630.50820214 0.077143 0.39413759112358093 
SR-Stab -1 -1 0 -1 -1 -1 -1 2.0 0.099999994 0.1 5334377.979488616 519.5994253754616 32686668.54183251 0.077143 0.49995368003956353 
SR-Stab -1 -1 0 -1 -1 -1 -1 2.0 0.099999994 0.1 5334378.34528089 519.1742997765541 32686685.790676657 0.077143 0.2605844159736471 
SR-Stab -1 -1 0 -1 -1 -1 -1 2.0 0.099999994 0.1 5334378.316445594 519.1453778147697 32686688.16684014 0.077143 0.25884471477226345 

