SR-Stab -1 -1 0 -1 -1 -1 -1 2.0 0.099999994 0.1 5334364.243683728 517.4062531292317 32687089.59424625 0.077143 6.507324577232604 
SR-Stab -1 -1 0 -1 -1 -1 -1 2.0 0.099999994 0.1 5334364.518874797 517.6192186176655 32687105.86850391 0.077143 4.683661492573765 
SR-Stab -1 -1 0 -1 -1 -1 -1 2.0 0.099999994 0.1 5334364.520531806 517.792327672231 32687078.922073703 0.077143 4.234637254498494 
SR-Stab -1 -1 0 -1 -1 -1 -1 2.0 0.099999994 0.1 5334364.382814798 517.541355639684 32687084.23833881 0.077143 6.404865248151722 
SR-Stab -1 -1 0 -1 -1 -1 -1 2.0 0.099999994 0.1 5334364.372201356 517.3930876552937 32687111.215663772 0.077143 6.776023246503935 
SR-Stab -1 -1 0 -1 -1 -1 -1 2.0 0.099999994 0.1 5334364.120355758 517.256333619344 32687094.979477268 0.077143 1.7288011136256751 
SR-Stab -1 -1 0 -1 -1 -1 -1 2.0 0.099999994 0.1 5334364.126483831 517.1207886636136 32687089.59772144 0.077143 0.9069610428157684 
SR-Stab -1 -1 0 -1 -1 -1 -1 2.0 0.099999994 0.1 5334364.238830718 517.1205256283162 32687089.703903537 0.077143 0.5485399451875335 
SR-Stab -1 -1 0 -1 -1 -1 -1 2.0 0.099999994 0.1 5334364.45581046 517.1547416746495 32687078.79196201 0.077143 0.6189206997639118 
SR-Stab -1 -1 0 -1 -1 -1 -1 2.0 0.099999994 0.1 5334364.341230783 517.1258736550686 32687084.351204257 0.077143 0.39815372755209444 
SR-Stab -1 -1 0 -1 -1 -1 -1 2.0 0.099999994 0.1 5334364.508938703 517.1116786301014 32687084.27770267 0.077143 0.46446238601583667 
SR-Stab -1 -1 0 -1 -1 -1 -1 2.0 0.099999994 0.1 5334364.165746841 517.121223181474 32687089.469927173 0.077143 0.49248341164880316 
SR-Stab -1 -1 0 -1 -1 -1 -1 2.0 0.099999994 0.1 5334364.517655763 517.1375456154225 32687111.196288686 0.077143 0.3618134558200836 
SR-Stab -1 -1 0 -1 -1 -1 -1 2.0 0.099999994 0.1 5334364.279440793 517.1353986561177 32687111.27470384 0.077143 0.35665419697761536 
SR-Stab -1 -1 0 -1 -1 -1 -1 2.0 0.099999994 0.1 5334364.153991851 517.120647639024 32687095.082489353 0.077143 0.348618745803833 
SR-Stab -1 -1 0 -1 -1 -1 -1 2.0 0.099999994 0.1 5334364.498145732 517.1601616442082 32687079.07130466 0.077143 0.31570959091186523 
SR-Stab -1 -1 0 -1 -1 -1 -1 2.0 0.099999994 0.1 5334364.39118782 517.1223296224949 32687084.086845737 0.077143 0.29612359404563904 
SR-Stab -1 -1 0 -1 -1 -1 -1 2.0 0.099999994 0.1 5334364.20715681 517.1662306487439 32687084.242386203 0.077143 0.28088441491127014 

