SR-Stab -1 -1 0 -1 -1 -1 -1 2.0 0.099999994 0.1 5334363.932786855 517.4187326729176 32687100.307510715 0.077143 9.338636815844696 
SR-Stab -1 -1 0 -1 -1 -1 -1 2.0 0.099999994 0.1 5334364.069996747 517.4945996105549 32687095.002765995 0.077143 5.630988081995993 
SR-Stab -1 -1 0 -1 -1 -1 -1 2.0 0.099999994 0.1 5334363.769910964 517.2615416347859 32687105.65219913 0.077143 4.853335526887719 
SR-Stab -1 -1 0 -1 -1 -1 -1 2.0 0.099999994 0.1 5334364.051441106 517.1122776567814 32687100.336014133 0.077143 0.9134870846895675 
SR-Stab -1 -1 0 -1 -1 -1 -1 2.0 0.099999994 0.1 5334363.774582895 517.0926956236241 32687105.772998672 0.077143 0.4412519335746765 
SR-Stab -1 -1 0 -1 -1 -1 -1 2.0 0.099999994 0.1 5334363.799518975 517.1385716497776 32687100.304172855 0.077143 0.43940845131874084 
SR-Stab -1 -1 0 -1 -1 -1 -1 2.0 0.099999994 0.1 5334364.091771754 517.0954706370709 32687095.092705112 0.077143 0.43597954511642456 
SR-Stab -1 -1 0 -1 -1 -1 -1 2.0 0.099999994 0.1 5334363.8830010025 517.1124536692975 32687100.199947696 0.077143 0.41630351543426514 
SR-Stab -1 -1 0 -1 -1 -1 -1 2.0 0.099999994 0.1 5334363.927604827 517.1035826504109 32687105.666923862 0.077143 1.0408588647842407 
SR-Stab -1 -1 0 -1 -1 -1 -1 2.0 0.099999994 0.1 5334364.0953454105 517.110080629575 32687094.872326236 0.077143 0.6486412661429777 
SR-Stab -1 -1 0 -1 -1 -1 -1 2.0 0.099999994 0.1 5334363.929103765 517.0999776422856 32687100.461651187 0.077143 0.4586353687719521 
SR-Stab -1 -1 0 -1 -1 -1 -1 2.0 0.099999994 0.1 5334363.91900495 517.116779655206 32687105.752418857 0.077143 0.2989374101161957 

