SR-Stab -1 -1 0 -1 -1 -1 -1 2.0 0.099999994 0.1 5334365.807194862 517.6202696859715 32687034.935230594 0.077143 5.472866347235931 
SR-Stab -1 -1 0 -1 -1 -1 -1 2.0 0.099999994 0.1 5334365.491240892 517.5956636965153 32687046.19524036 0.077143 4.890982070663186 
SR-Stab -1 -1 0 -1 -1 -1 -1 2.0 0.099999994 0.1 5334365.646399411 517.6773751079915 32687040.21073566 0.077143 5.691979197300603 
SR-Stab -1 -1 0 -1 -1 -1 -1 2.0 0.099999994 0.1 5334365.799595269 517.6799656450627 32687062.591831546 0.077143 5.1698426534629665 
SR-Stab -1 -1 0 -1 -1 -1 -1 2.0 0.099999994 0.1 5334365.634321841 517.2856036722538 32687067.94131122 0.077143 2.5008931909325534 
SR-Stab -1 -1 0 -1 -1 -1 -1 2.0 0.099999994 0.1 5334365.526801738 517.74919465183 32687103.917384487 0.077143 1.633684236488486 
SR-Stab -1 -1 0 -1 -1 -1 -1 2.0 0.099999994 0.1 5334365.6961509315 517.1756711304066 32687072.714474063 0.077143 1.0483184783351416 
SR-Stab -1 -1 0 -1 -1 -1 -1 2.0 0.099999994 0.1 5334365.60489169 517.2507826387761 32687046.25181232 0.077143 0.3964172991967274 
SR-Stab -1 -1 0 -1 -1 -1 -1 2.0 0.099999994 0.1 5334365.674285802 517.1732576191304 32687068.020283084 0.077143 0.3752204179763794 
SR-Stab -1 -1 0 -1 -1 -1 -1 2.0 0.099999994 0.1 5334365.512469682 517.2743796408055 32687101.541016918 0.077143 0.5627470105353838 
SR-Stab -1 -1 0 -1 -1 -1 -1 2.0 0.099999994 0.1 5334365.643895778 517.2123711407063 32687040.31673084 0.077143 0.4950013202815431 
SR-Stab -1 -1 0 -1 -1 -1 -1 2.0 0.099999994 0.1 5334365.832554731 517.1730696260807 32687062.479671817 0.077143 0.3005324602127075 
SR-Stab -1 -1 0 -1 -1 -1 -1 2.0 0.099999994 0.1 5334365.497052821 517.1544866859791 32687068.013096195 0.077143 0.2805788218975067 
SR-Stab -1 -1 0 -1 -1 -1 -1 2.0 0.099999994 0.1 5334365.743726644 517.1495746672032 32687067.910171848 0.077143 0.2745988043502781 
SR-Stab -1 -1 0 -1 -1 -1 -1 2.0 0.099999994 0.1 5334365.814909848 517.1814436614392 32687062.707378726 0.077143 0.2617325484752655 

