SR-Stab -1 -1 0 -1 -1 -1 -1 2.0 0.099999994 0.1 5334362.164732731 517.3827570525958 32687160.8686865 0.077143 5.833803716883985 
SR-Stab -1 -1 0 -1 -1 -1 -1 2.0 0.099999994 0.1 5334362.003649986 517.3522114602878 32687165.740890328 0.077143 5.570322416804818 
SR-Stab -1 -1 0 -1 -1 -1 -1 2.0 0.099999994 0.1 5334362.226981199 516.9770175067737 32687169.605209175 0.077143 1.238302813043739 
SR-Stab -1 -1 0 -1 -1 -1 -1 2.0 0.099999994 0.1 5334362.058836973 517.0340494958713 32687160.845748726 0.077143 0.5143300525070413 
SR-Stab -1 -1 0 -1 -1 -1 -1 2.0 0.099999994 0.1 5334362.169474161 519.904844626601 32687211.45661551 0.077143 1.1304231866143983 
SR-Stab -1 -1 0 -1 -1 -1 -1 2.0 0.099999994 0.1 5334361.954947985 517.21955798548 32687193.047351662 0.077143 1.1997795592696627 
SR-Stab -1 -1 0 -1 -1 -1 -1 2.0 0.099999994 0.1 5334362.055708206 517.0019554941013 32687160.944145028 0.077143 0.9878993034362793 
SR-Stab -1 -1 0 -1 -1 -1 -1 2.0 0.099999994 0.1 5334361.9567540055 516.99130748194 32687165.87896711 0.077143 0.6266792416572571 
SR-Stab -1 -1 0 -1 -1 -1 -1 2.0 0.099999994 0.1 5334362.092462099 516.988833531554 32687165.841964547 0.077143 0.3451734483242035 
SR-Stab -1 -1 0 -1 -1 -1 -1 2.0 0.099999994 0.1 5334362.149312056 517.0303665248706 32687160.725395028 0.077143 0.2906592786312103 
SR-Stab -1 -1 0 -1 -1 -1 -1 2.0 0.099999994 0.1 5334361.944483555 518.7846087066486 32687203.09998304 0.077143 0.4762099203348112 
SR-Stab -1 -1 0 -1 -1 -1 -1 2.0 0.099999994 0.1 5334361.989080704 517.9472714511706 32687190.5064047 0.077143 0.39061381458475286 
SR-Stab -1 -1 0 -1 -1 -1 -1 2.0 0.099999994 0.1 5334362.235147989 517.0279494969203 32687161.026840035 0.077143 0.2672140598297119 
SR-Stab -1 -1 0 -1 -1 -1 -1 2.0 0.099999994 0.1 5334361.959826983 516.9746795145824 32687165.637939278 0.077143 0.26073405146598816 
SR-Stab -1 -1 0 -1 -1 -1 -1 2.0 0.099999994 0.1 5334362.132902182 516.9772695152118 32687169.67420179 0.077143 0.2513805627822876 

