SR-Stab -1 -1 0 -1 -1 -1 -1 2.0 0.099999994 0.1 5334273.17939375 516.4691929218233 32688639.14422612 0.077143 6.676628149834538 
SR-Stab -1 -1 0 -1 -1 -1 -1 2.0 0.099999994 0.1 5334272.8070297055 516.2375829812944 32688632.56125264 0.077143 6.118912807850642 
SR-Stab -1 -1 0 -1 -1 -1 -1 2.0 0.099999994 0.1 5334273.277765255 516.0143709775865 32688639.21054463 0.077143 0.7823150461407863 
SR-Stab -1 -1 0 -1 -1 -1 -1 2.0 0.099999994 0.1 5334273.330047589 516.1686469909608 32688635.552261397 0.077143 3.0275471542859425 
SR-Stab -1 -1 0 -1 -1 -1 -1 2.0 0.099999994 0.1 5334273.177879315 516.0016159710348 32688638.9801331 0.077143 0.48128217458724976 
SR-Stab -1 -1 0 -1 -1 -1 -1 2.0 0.099999994 0.1 5334273.081073742 515.9186074730814 32688639.20314412 0.077143 0.5521121025085449 
SR-Stab -1 -1 0 -1 -1 -1 -1 2.0 0.099999994 0.1 5334272.829469662 515.985934972471 32688632.703914687 0.077143 0.4427519142627716 
SR-Stab -1 -1 0 -1 -1 -1 -1 2.0 0.099999994 0.1 5334273.149690609 515.9812249538362 32688639.30938725 0.077143 0.42895883321762085 
SR-Stab -1 -1 0 -1 -1 -1 -1 2.0 0.099999994 0.1 5334273.298261624 516.0000199672639 32688639.043750808 0.077143 0.37667906284332275 
SR-Stab -1 -1 0 -1 -1 -1 -1 2.0 0.099999994 0.1 5334273.068143826 515.9500559565485 32688639.034168288 0.077143 0.3451965671834252 
SR-Stab -1 -1 0 -1 -1 -1 -1 2.0 0.099999994 0.1 5334272.426479321 515.992037474817 32688618.926284835 0.077143 0.9283678381760987 
SR-Stab -1 -1 0 -1 -1 -1 -1 2.0 0.099999994 0.1 5334273.377679806 515.9933789667547 32688635.651222274 0.077143 0.3140656054019928 
SR-Stab -1 -1 0 -1 -1 -1 -1 2.0 0.099999994 0.1 5334272.435924511 516.0551604625642 32688618.834259078 0.077143 0.5142213223927896 

