SR-Stab -1 -1 0 -1 -1 -1 -1 2.0 0.099999994 0.1 5334363.11770562 517.428935512717 32687155.163062874 0.077143 4.10494948972662 
SR-Stab -1 -1 0 -1 -1 -1 -1 2.0 0.099999994 0.1 5334362.864874161 517.4298964588 32687136.869338814 0.077143 5.065085883483774 
SR-Stab -1 -1 0 -1 -1 -1 -1 2.0 0.099999994 0.1 5334362.958848751 517.5412775127246 32687160.543685738 0.077143 5.40876837209918 
SR-Stab -1 -1 0 -1 -1 -1 -1 2.0 0.099999994 0.1 5334363.024341143 517.3561534730746 32687131.544456307 0.077143 5.609411694082704 
SR-Stab -1 -1 0 -1 -1 -1 -1 2.0 0.099999994 0.1 5334362.729210175 517.3312089888408 32687141.552932564 0.077143 4.857866637121314 
SR-Stab -1 -1 0 -1 -1 -1 -1 2.0 0.099999994 0.1 5334363.140643395 517.6423805801227 32687126.862541024 0.077143 4.428807629479304 
SR-Stab -1 -1 0 -1 -1 -1 -1 2.0 0.099999994 0.1 5334362.592658079 517.4221595374896 32687146.206016365 0.077143 6.454193499835425 
SR-Stab -1 -1 0 -1 -1 -1 -1 2.0 0.099999994 0.1 5334362.546811617 517.4285288898303 32687172.8579405 0.077143 3.693742976917939 
SR-Stab -1 -1 0 -1 -1 -1 -1 2.0 0.099999994 0.1 5334363.018236912 517.5740024892642 32687150.120445076 0.077143 3.8286913648288903 
SR-Stab -1 -1 0 -1 -1 -1 -1 2.0 0.099999994 0.1 5334362.581819094 517.3916494695499 32687170.188903634 0.077143 3.9646232011455065 
SR-Stab -1 -1 0 -1 -1 -1 -1 2.0 0.099999994 0.1 5334362.5671861535 517.6209544984653 32687202.910472695 0.077143 2.2326124943842345 
SR-Stab -1 -1 0 -1 -1 -1 -1 2.0 0.099999994 0.1 5334362.941802538 517.7240915147617 32687150.039363686 0.077143 1.6166104822889427 
SR-Stab -1 -1 0 -1 -1 -1 -1 2.0 0.099999994 0.1 5334362.670756138 517.3452579824283 32687202.907295052 0.077143 0.8659448628823088 
SR-Stab -1 -1 0 -1 -1 -1 -1 2.0 0.099999994 0.1 5334363.053362644 517.0726014820888 32687126.92359144 0.077143 0.608707070350647 
SR-Stab -1 -1 0 -1 -1 -1 -1 2.0 0.099999994 0.1 5334363.110959328 517.0570485441043 32687155.019374672 0.077143 0.777532449319071 
SR-Stab -1 -1 0 -1 -1 -1 -1 2.0 0.099999994 0.1 5334363.122482098 517.0586144773318 32687131.667869393 0.077143 1.0488107281896664 
SR-Stab -1 -1 0 -1 -1 -1 -1 2.0 0.099999994 0.1 5334363.063118256 517.032904013808 32687160.548595253 0.077143 0.7482299346517487 
SR-Stab -1 -1 0 -1 -1 -1 -1 2.0 0.099999994 0.1 5334363.125662125 517.0507604924991 32687131.508308236 0.077143 0.49190638166436423 
SR-Stab -1 -1 0 -1 -1 -1 -1 2.0 0.099999994 0.1 5334363.00831107 517.0593964902713 32687155.106826607 0.077143 0.48349904798210097 
SR-Stab -1 -1 0 -1 -1 -1 -1 2.0 0.099999994 0.1 5334362.59805373 517.058542474921 32687141.528884713 0.077143 0.6915538450720149 
SR-Stab -1 -1 0 -1 -1 -1 -1 2.0 0.099999994 0.1 5334362.719818152 517.0434974877193 32687146.173263375 0.077143 0.46337011456489563 
SR-Stab -1 -1 0 -1 -1 -1 -1 2.0 0.099999994 0.1 5334362.669945992 517.0254714934184 32687146.304900948 0.077143 0.649746835231781 
SR-Stab -1 -1 0 -1 -1 -1 -1 2.0 0.099999994 0.1 5334363.137280262 517.0410045234515 32687155.25950605 0.077143 0.43012773990631104 
SR-Stab -1 -1 0 -1 -1 -1 -1 2.0 0.099999994 0.1 5334362.857109106 517.0590525118663 32687141.54353315 0.077143 0.7839060021383893 
SR-Stab -1 -1 0 -1 -1 -1 -1 2.0 0.099999994 0.1 5334362.829411066 517.0222809759929 32687136.97471601 0.077143 0.7617271767749378 
SR-Stab -1 -1 0 -1 -1 -1 -1 2.0 0.099999994 0.1 5334362.757422245 517.0458155123546 32687136.789542977 0.077143 0.42353809189894814 
SR-Stab -1 -1 0 -1 -1 -1 -1 2.0 0.099999994 0.1 5334362.941569126 517.0141725389316 32687136.96691877 0.077143 0.8436919471701264 
SR-Stab -1 -1 0 -1 -1 -1 -1 2.0 0.099999994 0.1 5334362.715788162 517.0082465259387 32687141.438522164 0.077143 0.4016432118989664 
SR-Stab -1 -1 0 -1 -1 -1 -1 2.0 0.099999994 0.1 5334363.041903055 517.0297205297305 32687160.418594185 0.077143 0.39852771162986755 
SR-Stab -1 -1 0 -1 -1 -1 -1 2.0 0.099999994 0.1 5334362.795118607 517.0355909911945 32687141.70166761 0.077143 0.4868573844432831 
SR-Stab -1 -1 0 -1 -1 -1 -1 2.0 0.099999994 0.1 5334362.826432026 519.3318425266101 32687205.97117931 0.077143 0.39218881726264954 
SR-Stab -1 -1 0 -1 -1 -1 -1 2.0 0.099999994 0.1 5334363.112743176 517.0597264615848 32687150.133720223 0.077143 0.3907979046698252 
SR-Stab -1 -1 0 -1 -1 -1 -1 2.0 0.099999994 0.1 5334362.968731201 517.0498294679477 32687131.41133863 0.077143 0.38686618414037266 
SR-Stab -1 -1 0 -1 -1 -1 -1 2.0 0.099999994 0.1 5334362.917160786 517.0430395452335 32687136.73179609 0.077143 0.5123859118601346 
SR-Stab -1 -1 0 -1 -1 -1 -1 2.0 0.099999994 0.1 5334362.924980438 517.0423444954707 32687131.609222237 0.077143 0.51711106300354 
SR-Stab -1 -1 0 -1 -1 -1 -1 2.0 0.099999994 0.1 5334362.984789885 517.0088775007083 32687160.642013375 0.077143 0.37371817231178284 
SR-Stab -1 -1 0 -1 -1 -1 -1 2.0 0.099999994 0.1 5334362.829194105 517.0252004710986 32687160.575729195 0.077143 0.3211895823478699 
SR-Stab -1 -1 0 -1 -1 -1 -1 2.0 0.099999994 0.1 5334363.03562907 517.0137935129954 32687155.2345503 0.077143 0.31770214438438416 
SR-Stab -1 -1 0 -1 -1 -1 -1 2.0 0.099999994 0.1 5334363.129847324 518.158267959769 32687194.83371717 0.077143 0.46005918399551526 
SR-Stab -1 -1 0 -1 -1 -1 -1 2.0 0.099999994 0.1 5334362.660619057 517.0221694557025 32687141.681091134 0.077143 0.30257076025009155 
SR-Stab -1 -1 0 -1 -1 -1 -1 2.0 0.099999994 0.1 5334362.577933109 517.0546965448215 32687203.85024244 0.077143 0.2699207663536072 

