SR-Stab -1 -1 0 -1 -1 -1 -1 2.0 0.099999994 0.1 5334267.952871304 516.2848319408357 32688614.519455 0.077143 4.335575496134981 
SR-Stab -1 -1 0 -1 -1 -1 -1 2.0 0.099999994 0.1 5334267.694375973 516.2083654400766 32688621.125839278 0.077143 5.108927987276834 
SR-Stab -1 -1 0 -1 -1 -1 -1 2.0 0.099999994 0.1 5334267.603141766 515.9105784890115 32688621.074569747 0.077143 0.6555144786834717 
SR-Stab -1 -1 0 -1 -1 -1 -1 2.0 0.099999994 0.1 5334267.702180844 515.9507799741685 32688621.299903914 0.077143 0.4781835675239563 
SR-Stab -1 -1 0 -1 -1 -1 -1 2.0 0.099999994 0.1 5334267.764587384 515.9490379688203 32688621.009803817 0.077143 0.47266361117362976 
SR-Stab -1 -1 0 -1 -1 -1 -1 2.0 0.099999994 0.1 5334267.844964962 515.937145948118 32688614.581802413 0.077143 0.5728209018707275 
SR-Stab -1 -1 0 -1 -1 -1 -1 2.0 0.099999994 0.1 5334267.852138501 515.9486209747255 32688621.15493779 0.077143 0.4978044927120209 
SR-Stab -1 -1 0 -1 -1 -1 -1 2.0 0.099999994 0.1 5334267.898241024 515.9361259636343 32688614.399314925 0.077143 0.37619739117452067 
SR-Stab -1 -1 0 -1 -1 -1 -1 2.0 0.099999994 0.1 5334268.1150874905 515.9167219695508 32688614.547378585 0.077143 0.36212417483329773 
SR-Stab -1 -1 0 -1 -1 -1 -1 2.0 0.099999994 0.1 5334267.935987454 515.9386809763372 32688614.68279271 0.077143 0.2821882665157318 
SR-Stab -1 -1 0 -1 -1 -1 -1 2.0 0.099999994 0.1 5334268.038539868 515.9351919588506 32688614.66989903 0.077143 0.2643352746963501 

