SR-Stab -1 -1 0 -1 -1 -1 -1 2.0 0.099999994 0.1 5334297.686078257 516.7593810021117 32688815.966675047 0.077143 5.858877651617079 
SR-Stab -1 -1 0 -1 -1 -1 -1 2.0 0.099999994 0.1 5334297.364503569 516.6751830040648 32688803.51263452 0.077143 5.935136048276401 
SR-Stab -1 -1 0 -1 -1 -1 -1 2.0 0.099999994 0.1 5334297.531220621 516.8836489974692 32688809.78961206 0.077143 4.697341745968957 
SR-Stab -1 -1 0 -1 -1 -1 -1 2.0 0.099999994 0.1 5334297.493822045 516.995317941828 32688865.6231463 0.077143 7.637929043724524 
SR-Stab -1 -1 0 -1 -1 -1 -1 2.0 0.099999994 0.1 5334297.300790734 516.8900979816153 32688871.633341078 0.077143 6.463329290240836 
SR-Stab -1 -1 0 -1 -1 -1 -1 2.0 0.099999994 0.1 5334297.64436335 516.943811482115 32688859.536369566 0.077143 10.353687461835193 
SR-Stab -1 -1 0 -1 -1 -1 -1 2.0 0.099999994 0.1 5334297.368933148 516.5525965153411 32688865.623108152 0.077143 0.746336975393982 
SR-Stab -1 -1 0 -1 -1 -1 -1 2.0 0.099999994 0.1 5334297.624621577 516.5104869960978 32688809.8704989 0.077143 0.5279679298400879 
SR-Stab -1 -1 0 -1 -1 -1 -1 2.0 0.099999994 0.1 5334297.644181675 516.4859139978125 32688809.7600863 0.077143 0.5131190419197083 
SR-Stab -1 -1 0 -1 -1 -1 -1 2.0 0.099999994 0.1 5334297.718409724 516.4874529897406 32688816.09452844 0.077143 0.494378000497818 
SR-Stab -1 -1 0 -1 -1 -1 -1 2.0 0.099999994 0.1 5334297.28088159 516.4625039755538 32688803.406074766 0.077143 0.6423291858521135 
SR-Stab -1 -1 0 -1 -1 -1 -1 2.0 0.099999994 0.1 5334297.57391376 516.4875689803794 32688809.646919493 0.077143 0.48384562134742737 
SR-Stab -1 -1 0 -1 -1 -1 -1 2.0 0.099999994 0.1 5334297.281034655 516.3944929897025 32688803.657852415 0.077143 0.7312083729546305 
SR-Stab -1 -1 0 -1 -1 -1 -1 2.0 0.099999994 0.1 5334297.586700625 516.5100610017016 32688865.729393248 0.077143 0.43002185225486755 
SR-Stab -1 -1 0 -1 -1 -1 -1 2.0 0.099999994 0.1 5334297.427493996 516.5399959742263 32688871.73098016 0.077143 0.5282405018806458 
SR-Stab -1 -1 0 -1 -1 -1 -1 2.0 0.099999994 0.1 5334297.658341593 516.4661719857886 32688859.411644224 0.077143 0.40977802872657776 
SR-Stab -1 -1 0 -1 -1 -1 -1 2.0 0.099999994 0.1 5334297.277606673 516.5076220094397 32688871.783714537 0.077143 0.38412854075431824 
SR-Stab -1 -1 0 -1 -1 -1 -1 2.0 0.099999994 0.1 5334297.238854594 516.5063739775851 32688871.502388243 0.077143 0.2965246370544957 
SR-Stab -1 -1 0 -1 -1 -1 -1 2.0 0.099999994 0.1 5334297.501916594 516.512957996054 32688859.55091119 0.077143 0.27633678913116455 
SR-Stab -1 -1 0 -1 -1 -1 -1 2.0 0.099999994 0.1 5334297.615325636 516.3939659952357 32688816.083351377 0.077143 0.2747536301612854 
SR-Stab -1 -1 0 -1 -1 -1 -1 2.0 0.099999994 0.1 5334297.498691744 516.4641399740412 32688803.44645715 0.077143 0.2741275429725647 

