SR-Stab -1 -1 0 -1 -1 -1 -1 2.0 0.099999994 0.1 5334377.342245345 519.3748877644539 32686646.328407828 0.077143 5.3527010165633 
SR-Stab -1 -1 0 -1 -1 -1 -1 2.0 0.099999994 0.1 5334377.683060889 519.3743302822113 32686641.10811669 0.077143 6.617407177634011 
SR-Stab -1 -1 0 -1 -1 -1 -1 2.0 0.099999994 0.1 5334377.755816703 520.6754887700081 32686666.133408133 0.077143 1.6960881334274704 
SR-Stab -1 -1 0 -1 -1 -1 -1 2.0 0.099999994 0.1 5334377.6081588315 518.3477388322353 32686697.954956595 0.077143 1.2974466189665208 
SR-Stab -1 -1 0 -1 -1 -1 -1 2.0 0.099999994 0.1 5334377.212038283 519.1212323307991 32686646.35192925 0.077143 0.5890381932258606 
SR-Stab -1 -1 0 -1 -1 -1 -1 2.0 0.099999994 0.1 5334377.532922511 519.1546438336372 32686641.114342276 0.077143 0.38428595662117004 
SR-Stab -1 -1 0 -1 -1 -1 -1 2.0 0.099999994 0.1 5334377.624270682 518.3223448097706 32686696.06807 0.077143 0.5177692770957947 
SR-Stab -1 -1 0 -1 -1 -1 -1 2.0 0.099999994 0.1 5334377.41952682 519.075219810009 32686646.45412499 0.077143 0.34321704506874084 
SR-Stab -1 -1 0 -1 -1 -1 -1 2.0 0.099999994 0.1 5334377.762071376 519.1029987931252 32686640.960365836 0.077143 0.2753647565841675 
SR-Stab -1 -1 0 -1 -1 -1 -1 2.0 0.099999994 0.1 5334377.760708575 522.9355366826057 32686666.127911154 0.077143 0.26308774948120117 

