SR-Stab -1 -1 0 -1 -1 -1 -1 2.0 0.099999994 0.1 5334357.464518148 517.1839392863372 32687326.503173944 0.077143 4.349288121429685 
SR-Stab -1 -1 0 -1 -1 -1 -1 2.0 0.099999994 0.1 5334357.288278211 517.117325850592 32687334.03347027 0.077143 4.090087537776372 
SR-Stab -1 -1 0 -1 -1 -1 -1 2.0 0.099999994 0.1 5334357.135083696 517.3028422080139 32687355.53168499 0.077143 6.165265949177929 
SR-Stab -1 -1 0 -1 -1 -1 -1 2.0 0.099999994 0.1 5334357.484531183 516.7002278052429 32687326.615432855 0.077143 0.4976632595062256 
SR-Stab -1 -1 0 -1 -1 -1 -1 2.0 0.099999994 0.1 5334357.166995179 516.7200633369545 32687334.084190484 0.077143 0.5404703684887916 
SR-Stab -1 -1 0 -1 -1 -1 -1 2.0 0.099999994 0.1 5334357.383905191 516.7074267946342 32687333.96603405 0.077143 0.38934212923049927 
SR-Stab -1 -1 0 -1 -1 -1 -1 2.0 0.099999994 0.1 5334357.098458666 521.0807762824157 32687334.022216912 0.077143 0.5090531706809998 
SR-Stab -1 -1 0 -1 -1 -1 -1 2.0 0.099999994 0.1 5334357.307600234 516.7610617958168 32687326.516983148 0.077143 0.30548274517059326 
SR-Stab -1 -1 0 -1 -1 -1 -1 2.0 0.099999994 0.1 5334357.200375129 516.8667067967514 32687362.130836602 0.077143 0.2825222313404083 

