SR-Stab -1 -1 0 -1 -1 -1 -1 2.0 0.099999994 0.1 5334276.559368115 516.4040330049455 32688650.689163253 0.077143 5.335891798433451 
SR-Stab -1 -1 0 -1 -1 -1 -1 2.0 0.099999994 0.1 5334276.038517933 516.4303164479196 32688644.62982945 0.077143 7.481981376331451 
SR-Stab -1 -1 0 -1 -1 -1 -1 2.0 0.099999994 0.1 5334276.875995617 515.9912969467103 32688632.368106887 0.077143 1.040233223675478 
SR-Stab -1 -1 0 -1 -1 -1 -1 2.0 0.099999994 0.1 5334276.478597622 515.9762834605634 32688650.8164597 0.077143 0.8459305684235084 
SR-Stab -1 -1 0 -1 -1 -1 -1 2.0 0.099999994 0.1 5334275.931992512 516.0294104811609 32688644.62317662 0.077143 0.716208902238614 
SR-Stab -1 -1 0 -1 -1 -1 -1 2.0 0.099999994 0.1 5334276.895318966 515.9910829660356 32688632.48796086 0.077143 0.4503234326839447 
SR-Stab -1 -1 0 -1 -1 -1 -1 2.0 0.099999994 0.1 5334276.013362866 516.0263149735391 32688644.743282363 0.077143 0.41583213210105896 
SR-Stab -1 -1 0 -1 -1 -1 -1 2.0 0.099999994 0.1 5334276.4255027585 515.9666819569528 32688650.63654332 0.077143 0.3980194628238678 
SR-Stab -1 -1 0 -1 -1 -1 -1 2.0 0.099999994 0.1 5334276.576668721 516.0309684869707 32688650.543804213 0.077143 0.4211781620979309 
SR-Stab -1 -1 0 -1 -1 -1 -1 2.0 0.099999994 0.1 5334276.774780255 515.9893099662721 32688632.495929763 0.077143 0.25118356943130493 

