SR-Stab -1 -1 0 -1 -1 -1 -1 2.0 0.099999994 0.1 5334365.963210973 517.4959006607411 32687029.62090717 0.077143 5.529788905470768 
SR-Stab -1 -1 0 -1 -1 -1 -1 2.0 0.099999994 0.1 5334366.2277464 517.9276551306126 32687019.71125446 0.077143 4.3402174386896775 
SR-Stab -1 -1 0 -1 -1 -1 -1 2.0 0.099999994 0.1 5334366.113114747 517.5841176807759 32687024.320072513 0.077143 4.973079561872635 
SR-Stab -1 -1 0 -1 -1 -1 -1 2.0 0.099999994 0.1 5334366.085082921 517.7469986975071 32687051.879608493 0.077143 7.856563499236827 
SR-Stab -1 -1 0 -1 -1 -1 -1 2.0 0.099999994 0.1 5334365.845534715 517.3887596428273 32687034.946316104 0.077143 1.8483959153885847 
SR-Stab -1 -1 0 -1 -1 -1 -1 2.0 0.099999994 0.1 5334365.926911744 517.3051106035588 32687057.24343143 0.077143 2.333938706198691 
SR-Stab -1 -1 0 -1 -1 -1 -1 2.0 0.099999994 0.1 5334366.219219121 517.2146396338818 32687046.5621532 0.077143 1.3441936434576631 
SR-Stab -1 -1 0 -1 -1 -1 -1 2.0 0.099999994 0.1 5334366.203064832 517.3057221472142 32687024.43339191 0.077143 0.5880219340324402 
SR-Stab -1 -1 0 -1 -1 -1 -1 2.0 0.099999994 0.1 5334366.210530671 517.2025406658528 32687051.891659122 0.077143 0.6853000979860339 
SR-Stab -1 -1 0 -1 -1 -1 -1 2.0 0.099999994 0.1 5334366.079965982 517.2712051570294 32687029.722378116 0.077143 0.5574600568229789 
SR-Stab -1 -1 0 -1 -1 -1 -1 2.0 0.099999994 0.1 5334365.864945802 517.2572316229222 32687029.52804218 0.077143 0.39473103671976173 
SR-Stab -1 -1 0 -1 -1 -1 -1 2.0 0.099999994 0.1 5334366.107700738 517.3020396530507 32687029.55889545 0.077143 0.3446387052536011 
SR-Stab -1 -1 0 -1 -1 -1 -1 2.0 0.099999994 0.1 5334366.1047977535 517.3307116329548 32687024.17255054 0.077143 0.32320451736450195 
SR-Stab -1 -1 0 -1 -1 -1 -1 2.0 0.099999994 0.1 5334365.9566578 517.2138986885426 32687051.9282764 0.077143 0.3013215959072113 
SR-Stab -1 -1 0 -1 -1 -1 -1 2.0 0.099999994 0.1 5334366.111684713 517.3726536333439 32687019.715244632 0.077143 0.28350386023521423 
SR-Stab -1 -1 0 -1 -1 -1 -1 2.0 0.099999994 0.1 5334366.004038724 517.2569806873677 32687029.505886417 0.077143 0.2812298536300659 
SR-Stab -1 -1 0 -1 -1 -1 -1 2.0 0.099999994 0.1 5334365.843039903 517.1590826809285 32687057.329910617 0.077143 0.26569700241088867 
SR-Stab -1 -1 0 -1 -1 -1 -1 2.0 0.099999994 0.1 5334366.137221727 517.1873986422894 32687046.65201221 0.077143 0.2559487819671631 
SR-Stab -1 -1 0 -1 -1 -1 -1 2.0 0.099999994 0.1 5334366.206962022 517.5332686006901 32687100.322243076 0.077143 0.2517046332359314 

