SR-Stab -1 -1 0 -1 -1 -1 -1 2.0 0.099999994 0.1 5334379.9489235515 519.6459978629774 32686579.096428223 0.077143 8.465854968940642 
SR-Stab -1 -1 0 -1 -1 -1 -1 2.0 0.099999994 0.1 5334380.19418689 519.7166623880095 32686549.02401001 0.077143 5.380533876118058 
SR-Stab -1 -1 0 -1 -1 -1 -1 2.0 0.099999994 0.1 5334380.052244627 519.6049358059591 32686568.99807007 0.077143 7.124617805010029 
SR-Stab -1 -1 0 -1 -1 -1 -1 2.0 0.099999994 0.1 5334380.1060211295 519.5755588223166 32686564.34874756 0.077143 4.687774190295694 
SR-Stab -1 -1 0 -1 -1 -1 -1 2.0 0.099999994 0.1 5334380.165033781 519.5946153809256 32686554.36612732 0.077143 5.135527056717761 
SR-Stab -1 -1 0 -1 -1 -1 -1 2.0 0.099999994 0.1 5334380.144787752 519.5538233925528 32686558.992431946 0.077143 6.426898309598037 
SR-Stab -1 -1 0 -1 -1 -1 -1 2.0 0.099999994 0.1 5334379.9911820525 519.7610678483671 32686574.326507874 0.077143 5.702430703113146 
SR-Stab -1 -1 0 -1 -1 -1 -1 2.0 0.099999994 0.1 5334380.192269527 519.1883938123411 32686583.194404908 0.077143 1.3347880339516822 
SR-Stab -1 -1 0 -1 -1 -1 -1 2.0 0.099999994 0.1 5334379.911923611 519.4147407819456 32686584.363186188 0.077143 2.336046195323956 
SR-Stab -1 -1 0 -1 -1 -1 -1 2.0 0.099999994 0.1 5334379.914947473 519.2358993102736 32686569.0020755 0.077143 0.7539854310144289 
SR-Stab -1 -1 0 -1 -1 -1 -1 2.0 0.099999994 0.1 5334379.99129554 519.2650258351988 32686564.34783203 0.077143 0.5065062046051025 
SR-Stab -1 -1 0 -1 -1 -1 -1 2.0 0.099999994 0.1 5334380.181792461 519.2172488381094 32686569.00083191 0.077143 0.4446408748626709 
SR-Stab -1 -1 0 -1 -1 -1 -1 2.0 0.099999994 0.1 5334380.174693787 519.247779410047 32686558.898079224 0.077143 0.42282760982526474 
SR-Stab -1 -1 0 -1 -1 -1 -1 2.0 0.099999994 0.1 5334379.977197611 519.178869824571 32686574.42548401 0.077143 0.4203663766384125 
SR-Stab -1 -1 0 -1 -1 -1 -1 2.0 0.099999994 0.1 5334380.1634158725 519.2674373795218 32686548.91538269 0.077143 0.4134384095668793 
SR-Stab -1 -1 0 -1 -1 -1 -1 2.0 0.099999994 0.1 5334380.08518263 519.2199538160986 32686569.12015564 0.077143 0.41220298409461975 
SR-Stab -1 -1 0 -1 -1 -1 -1 2.0 0.099999994 0.1 5334379.94850918 519.1846138049788 32686579.20986969 0.077143 0.5590100032286899 
SR-Stab -1 -1 0 -1 -1 -1 -1 2.0 0.099999994 0.1 5334380.076109611 519.1985997964567 32686579.13163025 0.077143 0.38896477222442627 
SR-Stab -1 -1 0 -1 -1 -1 -1 2.0 0.099999994 0.1 5334380.150275909 519.2205508758253 32686554.469894715 0.077143 0.48676641147647515 
SR-Stab -1 -1 0 -1 -1 -1 -1 2.0 0.099999994 0.1 5334380.076880657 519.1895668317503 32686583.218376465 0.077143 0.3498821556568146 
SR-Stab -1 -1 0 -1 -1 -1 -1 2.0 0.099999994 0.1 5334380.021361553 519.1872178126997 32686584.42183716 0.077143 0.34074631333351135 
SR-Stab -1 -1 0 -1 -1 -1 -1 2.0 0.099999994 0.1 5334380.170453512 519.1868417967981 32686583.331184693 0.077143 0.32682323455810547 
SR-Stab -1 -1 0 -1 -1 -1 -1 2.0 0.099999994 0.1 5334380.128238642 519.1965738047785 32686574.4092334 0.077143 0.3251694142818451 
SR-Stab -1 -1 0 -1 -1 -1 -1 2.0 0.099999994 0.1 5334380.034682953 519.2973114062971 32686549.048866577 0.077143 0.32212767004966736 
SR-Stab -1 -1 0 -1 -1 -1 -1 2.0 0.099999994 0.1 5334379.956603968 519.198719810409 32686578.947990723 0.077143 0.40766096115112305 
SR-Stab -1 -1 0 -1 -1 -1 -1 2.0 0.099999994 0.1 5334380.191771471 519.2260138203329 32686564.219414063 0.077143 0.2845807671546936 
SR-Stab -1 -1 0 -1 -1 -1 -1 2.0 0.099999994 0.1 5334379.933687651 519.1921958138174 32686584.217865296 0.077143 0.2839631140232086 
SR-Stab -1 -1 0 -1 -1 -1 -1 2.0 0.099999994 0.1 5334380.1637730235 519.237507383985 32686549.12685425 0.077143 0.2700134217739105 
SR-Stab -1 -1 0 -1 -1 -1 -1 2.0 0.099999994 0.1 5334379.9905218715 519.2737003971762 32686558.987289734 0.077143 0.2618323266506195 
SR-Stab -1 -1 0 -1 -1 -1 -1 2.0 0.099999994 0.1 5334380.189305508 519.2219058086104 32686564.478081055 0.077143 0.25111472606658936 

