SR-Stab -1 -1 0 -1 -1 -1 -1 2.0 0.099999994 0.1 5334381.221244864 519.7452904207097 32686443.752819374 0.077143 5.677023552013283 
SR-Stab -1 -1 0 -1 -1 -1 -1 2.0 0.099999994 0.1 5334381.123898797 519.6719154340611 32686454.04502137 0.077143 5.749445028258153 
SR-Stab -1 -1 0 -1 -1 -1 -1 2.0 0.099999994 0.1 5334381.1827669665 519.6313073856221 32686448.55202897 0.077143 4.871880334861579 
SR-Stab -1 -1 0 -1 -1 -1 -1 2.0 0.099999994 0.1 5334381.100063853 519.8737714511739 32686458.71879609 0.077143 4.447233981016324 
SR-Stab -1 -1 0 -1 -1 -1 -1 2.0 0.099999994 0.1 5334381.027243905 519.7059704286443 32686464.187118843 0.077143 5.018362155228005 
SR-Stab -1 -1 0 -1 -1 -1 -1 2.0 0.099999994 0.1 5334380.9954383895 519.7162373883115 32686469.016105965 0.077143 3.1601763597893218 
SR-Stab -1 -1 0 -1 -1 -1 -1 2.0 0.099999994 0.1 5334380.995051913 519.4768203718053 32686507.9836386 0.077143 0.5239564180374146 
SR-Stab -1 -1 0 -1 -1 -1 -1 2.0 0.099999994 0.1 5334381.075873904 519.3916063529836 32686448.57584031 0.077143 0.4658782184123993 
SR-Stab -1 -1 0 -1 -1 -1 -1 2.0 0.099999994 0.1 5334381.238681845 519.367739401518 32686454.024284676 0.077143 0.6667954174496392 
SR-Stab -1 -1 0 -1 -1 -1 -1 2.0 0.099999994 0.1 5334381.0023167655 519.3991943818913 32686454.044723824 0.077143 0.4307918014450359 
SR-Stab -1 -1 0 -1 -1 -1 -1 2.0 0.099999994 0.1 5334381.0477598235 519.3884083849774 32686464.30609162 0.077143 0.5762176078523306 
SR-Stab -1 -1 0 -1 -1 -1 -1 2.0 0.099999994 0.1 5334381.055155806 519.4026953203069 32686469.14738877 0.077143 0.5389824961074692 
SR-Stab -1 -1 0 -1 -1 -1 -1 2.0 0.099999994 0.1 5334381.16288095 519.378325365244 32686454.178268746 0.077143 0.3701491355895996 
SR-Stab -1 -1 0 -1 -1 -1 -1 2.0 0.099999994 0.1 5334381.24761086 519.3546104056226 32686448.64613755 0.077143 0.35879427194595337 
SR-Stab -1 -1 0 -1 -1 -1 -1 2.0 0.099999994 0.1 5334381.084638409 519.3844229204045 32686458.85852082 0.077143 0.45727050566559296 
SR-Stab -1 -1 0 -1 -1 -1 -1 2.0 0.099999994 0.1 5334381.092296891 519.3996093494283 32686468.9589618 0.077143 0.3156642019748688 
SR-Stab -1 -1 0 -1 -1 -1 -1 2.0 0.099999994 0.1 5334381.152315907 519.3769283515797 32686458.849106148 0.077143 0.286533872201135 
SR-Stab -1 -1 0 -1 -1 -1 -1 2.0 0.099999994 0.1 5334381.133572869 519.3781873804913 32686453.899391487 0.077143 0.2836035490036011 
SR-Stab -1 -1 0 -1 -1 -1 -1 2.0 0.099999994 0.1 5334381.015963845 519.3716303927289 32686464.088318184 0.077143 0.2779925203528827 

