SR-Stab -1 -1 0 -1 -1 -1 -1 2.0 0.099999994 0.1 5334295.545702057 516.9549121761319 32688908.431640267 0.077143 4.801543266816787 
SR-Stab -1 -1 0 -1 -1 -1 -1 2.0 0.099999994 0.1 5334295.120655613 517.1142901086804 32688914.522628427 0.077143 5.427585107211201 
SR-Stab -1 -1 0 -1 -1 -1 -1 2.0 0.099999994 0.1 5334295.933284836 517.0764361524579 32688902.30169642 0.077143 8.017061947033344 
SR-Stab -1 -1 0 -1 -1 -1 -1 2.0 0.099999994 0.1 5334295.441194134 516.6682801449296 32688908.41850245 0.077143 0.7403629850204378 
SR-Stab -1 -1 0 -1 -1 -1 -1 2.0 0.099999994 0.1 5334295.138521748 516.6755266392228 32688914.63836634 0.077143 0.674792468547821 
SR-Stab -1 -1 0 -1 -1 -1 -1 2.0 0.099999994 0.1 5334295.031325417 516.6631011271473 32688914.523788095 0.077143 0.8811515532278522 
SR-Stab -1 -1 0 -1 -1 -1 -1 2.0 0.099999994 0.1 5334295.949606018 522.5175204181668 32688940.25215876 0.077143 1.3072604993215007 
SR-Stab -1 -1 0 -1 -1 -1 -1 2.0 0.099999994 0.1 5334295.824386673 516.6529501581189 32688902.3174206 0.077143 0.5130789279937744 
SR-Stab -1 -1 0 -1 -1 -1 -1 2.0 0.099999994 0.1 5334295.815853195 522.4942107105252 32688940.315417886 0.077143 0.7294497186382612 
SR-Stab -1 -1 0 -1 -1 -1 -1 2.0 0.099999994 0.1 5334295.931956368 522.3572912120816 32688940.353522897 0.077143 0.3870374858379364 
SR-Stab -1 -1 0 -1 -1 -1 -1 2.0 0.099999994 0.1 5334295.522279816 516.6644756698605 32688908.26503718 0.077143 0.48247575759887695 
SR-Stab -1 -1 0 -1 -1 -1 -1 2.0 0.099999994 0.1 5334295.915964203 516.8981436395642 32688934.27553904 0.077143 0.8317798653265402 
SR-Stab -1 -1 0 -1 -1 -1 -1 2.0 0.099999994 0.1 5334295.6814938355 516.6610006594655 32688908.468719125 0.077143 0.5796234929849444 
SR-Stab -1 -1 0 -1 -1 -1 -1 2.0 0.099999994 0.1 5334295.88608654 522.0432782077786 32688935.778586984 0.077143 0.26943936944007874 
SR-Stab -1 -1 0 -1 -1 -1 -1 2.0 0.099999994 0.1 5334295.2073355485 516.6458681428429 32688914.419295907 0.077143 0.26127713918685913 
SR-Stab -1 -1 0 -1 -1 -1 -1 2.0 0.099999994 0.1 5334295.950762825 516.6854591274258 32688943.6770283 0.077143 0.2561750113964081 

