SR-Stab -1 -1 0 -1 -1 -1 -1 2.0 0.099999994 0.1 5334381.29583054 519.8018483740674 32686438.36097367 0.077143 6.005143681486534 
SR-Stab -1 -1 0 -1 -1 -1 -1 2.0 0.099999994 0.1 5334381.349131875 519.7372093421803 32686433.60178025 0.077143 5.676196499214437 
SR-Stab -1 -1 0 -1 -1 -1 -1 2.0 0.099999994 0.1 5334381.482979827 519.6795793992864 32686423.385273293 0.077143 6.755094636779814 
SR-Stab -1 -1 0 -1 -1 -1 -1 2.0 0.099999994 0.1 5334381.40079885 519.8085624200688 32686428.774357155 0.077143 6.8219651121322995 
SR-Stab -1 -1 0 -1 -1 -1 -1 2.0 0.099999994 0.1 5334381.254556946 519.5119524223195 32686443.76836045 0.077143 1.5500605776865144 
SR-Stab -1 -1 0 -1 -1 -1 -1 2.0 0.099999994 0.1 5334381.50291615 519.3181153756963 32686418.56778367 0.077143 2.088417485864051 
SR-Stab -1 -1 0 -1 -1 -1 -1 2.0 0.099999994 0.1 5334381.29996758 519.8364464265691 32686511.40006478 0.077143 5.090019443779762 
SR-Stab -1 -1 0 -1 -1 -1 -1 2.0 0.099999994 0.1 5334381.250945382 519.6007669193135 32686483.192169502 0.077143 0.8213124731156928 
SR-Stab -1 -1 0 -1 -1 -1 -1 2.0 0.099999994 0.1 5334381.262862019 520.2408423644887 32686513.80328764 0.077143 2.5494791115118076 
SR-Stab -1 -1 0 -1 -1 -1 -1 2.0 0.099999994 0.1 5334381.312993817 519.9200183374272 32686508.590850666 0.077143 2.733603868431298 
SR-Stab -1 -1 0 -1 -1 -1 -1 2.0 0.099999994 0.1 5334381.505272917 519.3184613806592 32686428.811024025 0.077143 0.9464715459586 
SR-Stab -1 -1 0 -1 -1 -1 -1 2.0 0.099999994 0.1 5334381.511364989 519.2956513983594 32686418.446102455 0.077143 0.4507479898893549 
SR-Stab -1 -1 0 -1 -1 -1 -1 2.0 0.099999994 0.1 5334381.336993031 519.3177243692265 32686428.86551316 0.077143 0.5297693610191345 
SR-Stab -1 -1 0 -1 -1 -1 -1 2.0 0.099999994 0.1 5334381.385893874 519.3373103958951 32686433.509464577 0.077143 0.4468150405638253 
SR-Stab -1 -1 0 -1 -1 -1 -1 2.0 0.099999994 0.1 5334381.436038785 519.3258294088231 32686428.640674904 0.077143 0.4857345521450043 
SR-Stab -1 -1 0 -1 -1 -1 -1 2.0 0.099999994 0.1 5334381.320757918 519.3436193687306 32686438.444874123 0.077143 0.3719188868999481 
SR-Stab -1 -1 0 -1 -1 -1 -1 2.0 0.099999994 0.1 5334381.25087481 519.359998367487 32686443.83929093 0.077143 0.35349011421203613 
SR-Stab -1 -1 0 -1 -1 -1 -1 2.0 0.099999994 0.1 5334381.350173764 520.213561318575 32686506.19546874 0.077143 1.0943143855719217 
SR-Stab -1 -1 0 -1 -1 -1 -1 2.0 0.099999994 0.1 5334381.317941003 520.4565733892308 32686503.79636319 0.077143 0.7246191446376646 

