SR-Stab -1 -1 0 -1 -1 -1 -1 2.0 0.099999994 0.1 5333029.886093661 512.6829457863012 32694471.942539334 0.077143 6.12410657154971 
SR-Stab -1 -1 0 -1 -1 -1 -1 2.0 0.099999994 0.1 5333029.482753798 512.6861217899957 32694482.665439725 0.077143 4.21636362345718 
SR-Stab -1 -1 0 -1 -1 -1 -1 2.0 0.099999994 0.1 5333029.852687404 512.273960767571 32694471.82479489 0.077143 0.499412679039774 
SR-Stab -1 -1 0 -1 -1 -1 -1 2.0 0.099999994 0.1 5333029.705963656 512.690552769486 32694480.35802853 0.077143 0.9815985224610051 
SR-Stab -1 -1 0 -1 -1 -1 -1 2.0 0.099999994 0.1 5333030.138893172 512.2009687705674 32694453.3462373 0.077143 0.4537128806114197 
SR-Stab -1 -1 0 -1 -1 -1 -1 2.0 0.099999994 0.1 5333029.801797435 512.2440167649427 32694472.04236996 0.077143 0.3982791006565094 
SR-Stab -1 -1 0 -1 -1 -1 -1 2.0 0.099999994 0.1 5333029.920949027 512.2371057851949 32694472.058834195 0.077143 0.30443790555000305 
SR-Stab -1 -1 0 -1 -1 -1 -1 2.0 0.099999994 0.1 5333030.161673591 512.3316642774978 32694472.20702374 0.077143 0.40440085530281067 
SR-Stab -1 -1 0 -1 -1 -1 -1 2.0 0.099999994 0.1 5333029.5085335225 512.7562182529607 32694480.339601636 0.077143 0.5429261429589346 
SR-Stab -1 -1 0 -1 -1 -1 -1 2.0 0.099999994 0.1 5333030.1527777165 512.3585257812181 32694472.150509 0.077143 0.25929652778996193 

