SR-Stab -1 -1 0 -1 -1 -1 -1 2.0 0.099999994 0.1 5334359.524567224 517.1586165445032 32687253.66168262 0.077143 4.395141425793471 
SR-Stab -1 -1 0 -1 -1 -1 -1 2.0 0.099999994 0.1 5334359.3829132095 517.1745200174036 32687259.149952427 0.077143 8.862815970789454 
SR-Stab -1 -1 0 -1 -1 -1 -1 2.0 0.099999994 0.1 5334359.152347185 517.290513755578 32687290.531357303 0.077143 4.6608471140387975 
SR-Stab -1 -1 0 -1 -1 -1 -1 2.0 0.099999994 0.1 5334359.186954118 517.1987028138818 32687265.967094913 0.077143 5.934906208016447 
SR-Stab -1 -1 0 -1 -1 -1 -1 2.0 0.099999994 0.1 5334359.1735631 517.6298557536783 32687288.035263553 0.077143 2.559719175945374 
SR-Stab -1 -1 0 -1 -1 -1 -1 2.0 0.099999994 0.1 5334359.495887853 516.8356724994363 32687259.072670475 0.077143 0.7800957752549507 
SR-Stab -1 -1 0 -1 -1 -1 -1 2.0 0.099999994 0.1 5334359.466193296 516.822071494359 32687253.569046512 0.077143 0.4707296381200498 
SR-Stab -1 -1 0 -1 -1 -1 -1 2.0 0.099999994 0.1 5334359.142510034 516.81817680766 32687266.100517765 0.077143 0.35044124722480774 
SR-Stab -1 -1 0 -1 -1 -1 -1 2.0 0.099999994 0.1 5334359.460926153 517.0369253175439 32687286.018764988 0.077143 0.5074055241187476 
SR-Stab -1 -1 0 -1 -1 -1 -1 2.0 0.099999994 0.1 5334359.300797559 516.8269550221147 32687259.241997257 0.077143 0.393828809261322 
SR-Stab -1 -1 0 -1 -1 -1 -1 2.0 0.099999994 0.1 5334359.4775153175 516.8254095332803 32687253.80974628 0.077143 0.27736610174179077 
SR-Stab -1 -1 0 -1 -1 -1 -1 2.0 0.099999994 0.1 5334359.282952882 516.8310874717416 32687259.051079288 0.077143 0.2661913787109489 
SR-Stab -1 -1 0 -1 -1 -1 -1 2.0 0.099999994 0.1 5334359.457641222 516.9847587959947 32687285.895157352 0.077143 0.25557252764701843 

