SR-Stab -1 -1 0 -1 -1 -1 -1 2.0 0.099999994 0.1 5333049.418738973 511.01957789024533 32694367.51113126 0.077143 10.574550373786854 
SR-Stab -1 -1 0 -1 -1 -1 -1 2.0 0.099999994 0.1 5333049.1778160455 511.45435339173497 32694373.131637547 0.077143 7.058458035964008 
SR-Stab -1 -1 0 -1 -1 -1 -1 2.0 0.099999994 0.1 5333048.782394779 511.5514207478446 32694398.938652966 0.077143 1.8087991974103914 
SR-Stab -1 -1 0 -1 -1 -1 -1 2.0 0.099999994 0.1 5333049.529907835 510.66956290563763 32694367.542175267 0.077143 0.5563803511222135 
SR-Stab -1 -1 0 -1 -1 -1 -1 2.0 0.099999994 0.1 5333049.508843076 510.90960386356534 32694372.94702146 0.077143 1.2105848122253957 
SR-Stab -1 -1 0 -1 -1 -1 -1 2.0 0.099999994 0.1 5333048.829713476 511.28893279990376 32694399.083038304 0.077143 0.4101930558681488 
SR-Stab -1 -1 0 -1 -1 -1 -1 2.0 0.099999994 0.1 5333049.481094492 510.64445239266576 32694367.652114842 0.077143 0.4283641695909883 
SR-Stab -1 -1 0 -1 -1 -1 -1 2.0 0.099999994 0.1 5333049.528837335 511.1843608762902 32694372.94911954 0.077143 0.29472427633826775 
SR-Stab -1 -1 0 -1 -1 -1 -1 2.0 0.099999994 0.1 5333049.506782186 510.6347238715571 32694367.373107884 0.077143 0.2771216332912445 

