SR-Stab -1 -1 0 -1 -1 -1 -1 2.0 0.099999994 0.1 5334934.534084532 505.2290575158601 32690371.90167634 0.077143 5.853240816396832 
SR-Stab -1 -1 0 -1 -1 -1 -1 2.0 0.099999994 0.1 5334934.913545821 505.4863770258432 32690366.793079536 0.077143 2.837406832847177 
SR-Stab -1 -1 0 -1 -1 -1 -1 2.0 0.099999994 0.1 5334934.252086852 505.13893052458815 32690368.990924995 0.077143 2.5894793911855287 
SR-Stab -1 -1 0 -1 -1 -1 -1 2.0 0.099999994 0.1 5334934.538759444 504.88746299862913 32690372.042232674 0.077143 0.8105127725463918 
SR-Stab -1 -1 0 -1 -1 -1 -1 2.0 0.099999994 0.1 5334934.386175368 504.90575798869185 32690371.94337861 0.077143 0.4695638120174408 
SR-Stab -1 -1 0 -1 -1 -1 -1 2.0 0.099999994 0.1 5334934.462839339 504.9082600128656 32690371.782276314 0.077143 0.4461903837638467 
SR-Stab -1 -1 0 -1 -1 -1 -1 2.0 0.099999994 0.1 5334934.641958449 504.90874996304564 32690371.99013154 0.077143 0.8294167008357606 
SR-Stab -1 -1 0 -1 -1 -1 -1 2.0 0.099999994 0.1 5334934.188661788 504.961815501452 32690368.997135323 0.077143 0.6411913983227432 
SR-Stab -1 -1 0 -1 -1 -1 -1 2.0 0.099999994 0.1 5334934.20287535 505.2180719625955 32690369.11033265 0.077143 0.6851077419204348 
SR-Stab -1 -1 0 -1 -1 -1 -1 2.0 0.099999994 0.1 5334934.66777632 509.2137048494821 32690365.309116524 0.077143 0.7705036507603702 

