SR-Stab -1 -1 0 -1 -1 -1 -1 2.0 0.099999994 0.1 5334241.756318523 515.926652350426 32688497.17058619 0.077143 5.293355352901635 
SR-Stab -1 -1 0 -1 -1 -1 -1 2.0 0.099999994 0.1 5334241.431406213 517.0389135265353 32688451.295486055 0.077143 4.627384581419785 
SR-Stab -1 -1 0 -1 -1 -1 -1 2.0 0.099999994 0.1 5334241.445907546 515.8958942675594 32688485.530486666 0.077143 0.8028230105969993 
SR-Stab -1 -1 0 -1 -1 -1 -1 2.0 0.099999994 0.1 5334241.810125543 515.6526373410228 32688497.268256985 0.077143 0.5015042424201965 
SR-Stab -1 -1 0 -1 -1 -1 -1 2.0 0.099999994 0.1 5334241.559937669 520.5187454605106 32688404.676299654 0.077143 0.8952374520149659 
SR-Stab -1 -1 0 -1 -1 -1 -1 2.0 0.099999994 0.1 5334241.631847097 520.5519633674625 32688410.92569693 0.077143 0.4403173327445984 
SR-Stab -1 -1 0 -1 -1 -1 -1 2.0 0.099999994 0.1 5334241.645075275 520.5377946281436 32688412.501731478 0.077143 0.4396701455116272 
SR-Stab -1 -1 0 -1 -1 -1 -1 2.0 0.099999994 0.1 5334241.429783059 517.4429397964481 32688484.073886476 0.077143 0.7235128792276044 
SR-Stab -1 -1 0 -1 -1 -1 -1 2.0 0.099999994 0.1 5334241.647510124 520.5455613517764 32688413.2854534 0.077143 0.42321574687957764 
SR-Stab -1 -1 0 -1 -1 -1 -1 2.0 0.099999994 0.1 5334241.745480133 519.2568345451358 32688452.207564913 0.077143 0.4157302975654602 
SR-Stab -1 -1 0 -1 -1 -1 -1 2.0 0.099999994 0.1 5334241.556236101 520.5608673477176 32688403.893287264 0.077143 0.4104588031768799 
SR-Stab -1 -1 0 -1 -1 -1 -1 2.0 0.099999994 0.1 5334241.526382161 520.4722166442874 32688403.106704317 0.077143 0.6339581687850362 
SR-Stab -1 -1 0 -1 -1 -1 -1 2.0 0.099999994 0.1 5334241.57408209 520.5222964668277 32688406.239547335 0.077143 0.39419475197792053 
SR-Stab -1 -1 0 -1 -1 -1 -1 2.0 0.099999994 0.1 5334241.742762519 515.6528358244899 32688497.023328863 0.077143 0.5301369225145567 
SR-Stab -1 -1 0 -1 -1 -1 -1 2.0 0.099999994 0.1 5334241.781745149 520.5469904327396 32688423.4530712 0.077143 0.3494369387626648 
SR-Stab -1 -1 0 -1 -1 -1 -1 2.0 0.099999994 0.1 5334241.508696271 520.4262047195438 32688405.459441744 0.077143 0.2852710783481598 
SR-Stab -1 -1 0 -1 -1 -1 -1 2.0 0.099999994 0.1 5334241.619673086 520.5476904296878 32688410.149436556 0.077143 0.28209421038627625 
SR-Stab -1 -1 0 -1 -1 -1 -1 2.0 0.099999994 0.1 5334241.769989086 520.4360347175601 32688422.75282248 0.077143 0.2552691102027893 

