SR-Stab -1 -1 0 -1 -1 -1 -1 2.0 0.099999994 0.1 5333004.587278379 518.8625653901354 32694725.288047623 0.077143 5.1408430286816325 
SR-Stab -1 -1 0 -1 -1 -1 -1 2.0 0.099999994 0.1 5333004.44463159 522.2627223649279 32694773.44616301 0.077143 2.1324006223404894 
SR-Stab -1 -1 0 -1 -1 -1 -1 2.0 0.099999994 0.1 5333004.517660154 518.3976672806994 32694725.399642777 0.077143 1.1316379736727062 
SR-Stab -1 -1 0 -1 -1 -1 -1 2.0 0.099999994 0.1 5333004.6710567605 521.0110820451036 32694770.67439444 0.077143 1.8952644176650655 
SR-Stab -1 -1 0 -1 -1 -1 -1 2.0 0.099999994 0.1 5333004.684270872 518.3966506638781 32694725.257613968 0.077143 0.6939267060450555 
SR-Stab -1 -1 0 -1 -1 -1 -1 2.0 0.099999994 0.1 5333004.274923338 522.9000190415636 32694755.106796097 0.077143 1.0064481358304245 
SR-Stab -1 -1 0 -1 -1 -1 -1 2.0 0.099999994 0.1 5333004.480833067 518.3816903748766 32694725.312980484 0.077143 0.33292033428408213 
SR-Stab -1 -1 0 -1 -1 -1 -1 2.0 0.099999994 0.1 5333004.596700681 521.2556556382433 32694777.876048874 0.077143 0.4813281189610526 
SR-Stab -1 -1 0 -1 -1 -1 -1 2.0 0.099999994 0.1 5333004.375600828 518.4327367463366 32694725.284377884 0.077143 0.2625201344490051 
SR-Stab -1 -1 0 -1 -1 -1 -1 2.0 0.099999994 0.1 5333004.693555845 518.3996928849474 32694725.41860945 0.077143 0.255744993686676 

