SR-Stab -1 -1 0 -1 -1 -1 -1 2.0 0.099999994 0.1 5334379.884374582 519.614160816831 32686584.357361145 0.077143 6.531094762721927 
SR-Stab -1 -1 0 -1 -1 -1 -1 2.0 0.099999994 0.1 5334379.820908987 519.5985082794851 32686588.9516185 0.077143 4.6689279434859765 
SR-Stab -1 -1 0 -1 -1 -1 -1 2.0 0.099999994 0.1 5334379.602693521 519.5775418092436 32686598.971756287 0.077143 5.441380038664877 
SR-Stab -1 -1 0 -1 -1 -1 -1 2.0 0.099999994 0.1 5334379.68940469 519.5193087865538 32686594.352051087 0.077143 4.818153980291673 
SR-Stab -1 -1 0 -1 -1 -1 -1 2.0 0.099999994 0.1 5334379.578885519 519.2519908358282 32686594.346885987 0.077143 0.5328134760431742 
SR-Stab -1 -1 0 -1 -1 -1 -1 2.0 0.099999994 0.1 5334379.704841577 519.1622408141321 32686598.98455078 0.077143 0.3853256106376648 
SR-Stab -1 -1 0 -1 -1 -1 -1 2.0 0.099999994 0.1 5334379.815695488 519.1742368151373 32686594.28258545 0.077143 0.47715172598708844 
SR-Stab -1 -1 0 -1 -1 -1 -1 2.0 0.099999994 0.1 5334379.538243496 519.1818988134092 32686599.15026886 0.077143 0.302855521440506 
SR-Stab -1 -1 0 -1 -1 -1 -1 2.0 0.099999994 0.1 5334379.710445606 519.172320823831 32686594.218025513 0.077143 0.3021458685398102 
SR-Stab -1 -1 0 -1 -1 -1 -1 2.0 0.099999994 0.1 5334379.692542517 519.1639108170694 32686599.12242157 0.077143 0.28509148955345154 
SR-Stab -1 -1 0 -1 -1 -1 -1 2.0 0.099999994 0.1 5334379.76366564 519.1988098134226 32686589.07126648 0.077143 0.281718909740448 
SR-Stab -1 -1 0 -1 -1 -1 -1 2.0 0.099999994 0.1 5334379.75998255 519.1973048259443 32686584.348526306 0.077143 0.2549527585506439 
SR-Stab -1 -1 0 -1 -1 -1 -1 2.0 0.099999994 0.1 5334379.592742645 519.1627268006033 32686598.854438134 0.077143 0.2525296481748091 

