SR-Stab -1 -1 0 -1 -1 -1 -1 2.0 0.099999994 0.1 5335321.084675121 486.5526618610462 32691280.011463378 0.077143 5.2696641549009335 
SR-Stab -1 -1 0 -1 -1 -1 -1 2.0 0.099999994 0.1 5335319.423715877 486.565847838982 32691273.77063391 0.077143 6.524058763618235 
SR-Stab -1 -1 0 -1 -1 -1 -1 2.0 0.099999994 0.1 5335321.093519497 486.1289643298229 32691279.850784514 0.077143 0.6611440158126279 
SR-Stab -1 -1 0 -1 -1 -1 -1 2.0 0.099999994 0.1 5335320.983801174 486.10784980164374 32691280.07078955 0.077143 0.5296542600697971 
SR-Stab -1 -1 0 -1 -1 -1 -1 2.0 0.099999994 0.1 5335319.410026836 486.0116518388828 32691273.92574713 0.077143 0.34911394119262695 
SR-Stab -1 -1 0 -1 -1 -1 -1 2.0 0.099999994 0.1 5335321.245405483 486.1177837501606 32691280.00457022 0.077143 0.42926907334113745 
SR-Stab -1 -1 0 -1 -1 -1 -1 2.0 0.099999994 0.1 5335320.976314831 486.1087687860569 32691279.91902182 0.077143 0.32553160190582275 
SR-Stab -1 -1 0 -1 -1 -1 -1 2.0 0.099999994 0.1 5335321.145984936 486.11903783188666 32691280.16495535 0.077143 0.31383517384529114 
SR-Stab -1 -1 0 -1 -1 -1 -1 2.0 0.099999994 0.1 5335319.538948345 486.01394178973044 32691273.679168914 0.077143 0.2563268542289734 
SR-Stab -1 -1 0 -1 -1 -1 -1 2.0 0.099999994 0.1 5335319.524221706 486.02179678784216 32691273.893631194 0.077143 0.25391432642936707 

