SR-Stab -1 -1 0 -1 -1 -1 -1 2.0 0.099999994 0.1 5334291.584631005 516.6575754312706 32688723.704284783 0.077143 4.955199088498829 
SR-Stab -1 -1 0 -1 -1 -1 -1 2.0 0.099999994 0.1 5334291.55218319 516.5664539961052 32688717.31851208 0.077143 4.084447799473375 
SR-Stab -1 -1 0 -1 -1 -1 -1 2.0 0.099999994 0.1 5334291.580327073 516.4698990015221 32688754.639518853 0.077143 0.7720578531839484 
SR-Stab -1 -1 0 -1 -1 -1 -1 2.0 0.099999994 0.1 5334291.594030419 516.247655960722 32688723.812538262 0.077143 0.5883204340934753 
SR-Stab -1 -1 0 -1 -1 -1 -1 2.0 0.099999994 0.1 5334291.186561624 518.5722250370217 32688759.04568493 0.077143 1.18218835967001 
SR-Stab -1 -1 0 -1 -1 -1 -1 2.0 0.099999994 0.1 5334291.590227166 516.230479958458 32688717.205780145 0.077143 0.42180026374683477 
SR-Stab -1 -1 0 -1 -1 -1 -1 2.0 0.099999994 0.1 5334291.502681771 516.2305239764881 32688717.4514085 0.077143 0.602535887352872 
SR-Stab -1 -1 0 -1 -1 -1 -1 2.0 0.099999994 0.1 5334291.478311578 516.2255639759732 32688717.20594799 0.077143 0.3044809697672325 
SR-Stab -1 -1 0 -1 -1 -1 -1 2.0 0.099999994 0.1 5334291.592837373 516.6280530122948 32688754.535007592 0.077143 0.2947402596473694 

