SR-Stab -1 -1 0 -1 -1 -1 -1 2.0 0.099999994 0.1 5334295.189691583 516.7495139865113 32688760.55966961 0.077143 4.480458064345367 
SR-Stab -1 -1 0 -1 -1 -1 -1 2.0 0.099999994 0.1 5334294.762284795 516.606056991024 32688754.426307794 0.077143 6.801700391076416 
SR-Stab -1 -1 0 -1 -1 -1 -1 2.0 0.099999994 0.1 5334295.028736154 516.6740784672928 32688748.172897454 0.077143 6.113798726706788 
SR-Stab -1 -1 0 -1 -1 -1 -1 2.0 0.099999994 0.1 5334295.167648831 516.3452119855118 32688760.662674066 0.077143 0.7262734967353711 
SR-Stab -1 -1 0 -1 -1 -1 -1 2.0 0.099999994 0.1 5334294.639853517 516.3072649864388 32688754.417862054 0.077143 0.5163362622261047 
SR-Stab -1 -1 0 -1 -1 -1 -1 2.0 0.099999994 0.1 5334295.138902703 516.3243414787484 32688748.273819085 0.077143 0.9046401839343222 
SR-Stab -1 -1 0 -1 -1 -1 -1 2.0 0.099999994 0.1 5334294.681448976 516.3249399689865 32688754.54979336 0.077143 0.6395929078141984 
SR-Stab -1 -1 0 -1 -1 -1 -1 2.0 0.099999994 0.1 5334294.933277646 516.3197239963246 32688748.262798425 0.077143 0.7936991453170776 
SR-Stab -1 -1 0 -1 -1 -1 -1 2.0 0.099999994 0.1 5334295.088913003 516.3432734636498 32688760.406028863 0.077143 0.6601186536548427 
SR-Stab -1 -1 0 -1 -1 -1 -1 2.0 0.099999994 0.1 5334294.814916173 516.3349300054741 32688754.275367852 0.077143 0.5174425731292621 
SR-Stab -1 -1 0 -1 -1 -1 -1 2.0 0.099999994 0.1 5334295.17221264 516.315899970932 32688748.136814233 0.077143 0.35783112049102783 
SR-Stab -1 -1 0 -1 -1 -1 -1 2.0 0.099999994 0.1 5334294.68579773 516.3340889839363 32688754.24237072 0.077143 0.31878983974456787 

