SR-Stab -1 -1 0 -1 -1 -1 -1 2.0 0.099999994 0.1 5334380.9401899595 519.5965203555451 32686353.03201314 0.077143 4.1876888283378975 
SR-Stab -1 -1 0 -1 -1 -1 -1 2.0 0.099999994 0.1 5334380.734972896 519.5256083520279 32686347.52812215 0.077143 5.277307051870377 
SR-Stab -1 -1 0 -1 -1 -1 -1 2.0 0.099999994 0.1 5334380.518591942 519.2579134019242 32686342.10863515 0.077143 1.1735998591515897 
SR-Stab -1 -1 0 -1 -1 -1 -1 2.0 0.099999994 0.1 5334380.777525963 519.1542533548699 32686347.651901446 0.077143 0.6670728259705073 
SR-Stab -1 -1 0 -1 -1 -1 -1 2.0 0.099999994 0.1 5334380.965741994 519.0636643679962 32686314.91407033 0.077143 0.7917820133737528 
SR-Stab -1 -1 0 -1 -1 -1 -1 2.0 0.099999994 0.1 5334380.597019436 519.1604673775063 32686347.574073993 0.077143 0.780273450352485 
SR-Stab -1 -1 0 -1 -1 -1 -1 2.0 0.099999994 0.1 5334380.919133069 519.2007073672638 32686352.892276965 0.077143 0.39966920018196106 
SR-Stab -1 -1 0 -1 -1 -1 -1 2.0 0.099999994 0.1 5334380.831029894 519.1608973654137 32686347.428543292 0.077143 0.3414108455181122 
SR-Stab -1 -1 0 -1 -1 -1 -1 2.0 0.099999994 0.1 5334380.6825859565 519.160162380539 32686347.37362691 0.077143 0.2716636657714844 
SR-Stab -1 -1 0 -1 -1 -1 -1 2.0 0.099999994 0.1 5334380.938097836 519.0627063723431 32686314.80432149 0.077143 0.2678813636302948 
SR-Stab -1 -1 0 -1 -1 -1 -1 2.0 0.099999994 0.1 5334380.962368967 519.1881203862057 32686353.207626544 0.077143 0.26163947582244873 

