SR-Stab -1 -1 0 -1 -1 -1 -1 2.0 0.099999994 0.1 5334379.276734793 519.5209168006605 32686609.100914307 0.077143 5.661382125995345 
SR-Stab -1 -1 0 -1 -1 -1 -1 2.0 0.099999994 0.1 5334379.439938986 519.5619813014692 32686604.42744858 0.077143 4.877868356792834 
SR-Stab -1 -1 0 -1 -1 -1 -1 2.0 0.099999994 0.1 5334379.1503677005 519.2521328140921 32686609.080772705 0.077143 0.5250915609938475 
SR-Stab -1 -1 0 -1 -1 -1 -1 2.0 0.099999994 0.1 5334379.501355612 519.1795698215193 32686604.318618126 0.077143 0.4642198383808136 
SR-Stab -1 -1 0 -1 -1 -1 -1 2.0 0.099999994 0.1 5334379.4692351455 519.1785523106283 32686604.54487259 0.077143 0.6967924825303553 
SR-Stab -1 -1 0 -1 -1 -1 -1 2.0 0.099999994 0.1 5334379.401368105 519.1640383114046 32686609.116188355 0.077143 0.6398580032740487 
SR-Stab -1 -1 0 -1 -1 -1 -1 2.0 0.099999994 0.1 5334379.388971531 519.1909348179526 32686604.328262635 0.077143 0.3528746962547302 
SR-Stab -1 -1 0 -1 -1 -1 -1 2.0 0.099999994 0.1 5334379.188079798 519.1704618145651 32686609.18553955 0.077143 0.2631235718727112 
SR-Stab -1 -1 0 -1 -1 -1 -1 2.0 0.099999994 0.1 5334379.366166555 519.1606118191904 32686609.22045166 0.077143 0.25172102451324463 

