SR-Stab -1 -1 0 -1 -1 -1 -1 2.0 0.099999994 0.1 5334381.290977003 519.599892369114 32686363.82992574 0.077143 4.895515852354217 
SR-Stab -1 -1 0 -1 -1 -1 -1 2.0 0.099999994 0.1 5334381.131543996 519.4712158950196 32686358.391296588 0.077143 5.6302124745937405 
SR-Stab -1 -1 0 -1 -1 -1 -1 2.0 0.099999994 0.1 5334380.980921986 519.3268293650971 32686353.027816974 0.077143 2.4813819340960106 
SR-Stab -1 -1 0 -1 -1 -1 -1 2.0 0.099999994 0.1 5334381.360279085 519.2206413658486 32686363.911842547 0.077143 0.48376646637916565 
SR-Stab -1 -1 0 -1 -1 -1 -1 2.0 0.099999994 0.1 5334381.253620507 519.1776158722267 32686358.37464162 0.077143 0.7387100544895558 
SR-Stab -1 -1 0 -1 -1 -1 -1 2.0 0.099999994 0.1 5334381.0293638725 519.1916213544235 32686358.452545367 0.077143 0.5089221230035832 
SR-Stab -1 -1 0 -1 -1 -1 -1 2.0 0.099999994 0.1 5334381.361242058 519.1926923604832 32686334.92934438 0.077143 0.7013168929962932 
SR-Stab -1 -1 0 -1 -1 -1 -1 2.0 0.099999994 0.1 5334381.1472730655 519.2661773475037 32686363.864143573 0.077143 0.374656081199646 
SR-Stab -1 -1 0 -1 -1 -1 -1 2.0 0.099999994 0.1 5334381.362211945 519.2570053847656 32686335.101402484 0.077143 0.2723062336444855 
SR-Stab -1 -1 0 -1 -1 -1 -1 2.0 0.099999994 0.1 5334380.980309965 519.1757663699017 32686353.158436023 0.077143 0.26081621646881104 

