SR-Stab -1 -1 0 -1 -1 -1 -1 2.0 0.099999994 0.1 5334391.123313063 519.4294094457052 32685948.10655998 0.077143 5.723328482599264 
SR-Stab -1 -1 0 -1 -1 -1 -1 2.0 0.099999994 0.1 5334391.315283888 519.6815899028204 32685955.283264387 0.077143 10.581400493069554 
SR-Stab -1 -1 0 -1 -1 -1 -1 2.0 0.099999994 0.1 5334390.778934591 519.7390914573095 32685959.225368727 0.077143 5.456167262411067 
SR-Stab -1 -1 0 -1 -1 -1 -1 2.0 0.099999994 0.1 5334390.821645373 519.1478249444388 32686000.205559004 0.077143 1.0454814217352097 
SR-Stab -1 -1 0 -1 -1 -1 -1 2.0 0.099999994 0.1 5334391.011257284 519.1270694150351 32685948.08123039 0.077143 0.8160142592972666 
SR-Stab -1 -1 0 -1 -1 -1 -1 2.0 0.099999994 0.1 5334391.1889969045 519.143068434181 32685948.26094078 0.077143 0.4066179692745209 
SR-Stab -1 -1 0 -1 -1 -1 -1 2.0 0.099999994 0.1 5334391.331748121 519.1270884885214 32685955.391151655 0.077143 0.5917937184969259 
SR-Stab -1 -1 0 -1 -1 -1 -1 2.0 0.099999994 0.1 5334391.242757433 519.0898149623297 32685996.70912956 0.077143 0.7179412099370127 
SR-Stab -1 -1 0 -1 -1 -1 -1 2.0 0.099999994 0.1 5334391.341162794 519.2230884446524 32685959.879539717 0.077143 0.4864625334739685 
SR-Stab -1 -1 0 -1 -1 -1 -1 2.0 0.099999994 0.1 5334391.287691706 519.1437014355085 32685948.1716082 0.077143 0.3391081690788269 
SR-Stab -1 -1 0 -1 -1 -1 -1 2.0 0.099999994 0.1 5334391.245233648 519.138875426235 32685955.18946098 0.077143 0.3230848888985787 
SR-Stab -1 -1 0 -1 -1 -1 -1 2.0 0.099999994 0.1 5334390.779031389 519.1699729575537 32686000.311378706 0.077143 0.3209531089528751 
SR-Stab -1 -1 0 -1 -1 -1 -1 2.0 0.099999994 0.1 5334391.354141825 519.1300604357145 32685955.167804945 0.077143 0.2917510218953059 
SR-Stab -1 -1 0 -1 -1 -1 -1 2.0 0.099999994 0.1 5334391.216993445 519.1372084035299 32685947.945091475 0.077143 0.28253671526908875 
SR-Stab -1 -1 0 -1 -1 -1 -1 2.0 0.099999994 0.1 5334390.770999544 523.5520718707464 32685950.88490318 0.077143 0.254420667886734 

