SR-Stab -1 -1 0 -1 -1 -1 -1 2.0 0.099999994 0.1 5334361.582849062 517.3736895171954 32687181.955756966 0.077143 5.04155456390105 
SR-Stab -1 -1 0 -1 -1 -1 -1 2.0 0.099999994 0.1 5334361.397690094 517.2665945140674 32687188.769141976 0.077143 5.489016533333091 
SR-Stab -1 -1 0 -1 -1 -1 -1 2.0 0.099999994 0.1 5334361.64549712 518.7068260757281 32687190.49901182 0.077143 1.5937201072023508 
SR-Stab -1 -1 0 -1 -1 -1 -1 2.0 0.099999994 0.1 5334361.356123007 518.7143329231097 32687208.048557106 0.077143 1.2555393876432666 
SR-Stab -1 -1 0 -1 -1 -1 -1 2.0 0.099999994 0.1 5334361.438424624 516.933537944968 32687188.88888151 0.077143 0.4626159369945526 
SR-Stab -1 -1 0 -1 -1 -1 -1 2.0 0.099999994 0.1 5334361.462446011 516.9444479791476 32687181.965202156 0.077143 0.5581588181638455 
SR-Stab -1 -1 0 -1 -1 -1 -1 2.0 0.099999994 0.1 5334361.348876036 517.7177380172565 32687213.03928 0.077143 2.2240502787397363 
SR-Stab -1 -1 0 -1 -1 -1 -1 2.0 0.099999994 0.1 5334361.507629192 516.9514964668109 32687182.056579415 0.077143 0.27327144145965576 
SR-Stab -1 -1 0 -1 -1 -1 -1 2.0 0.099999994 0.1 5334361.600045002 516.9351175276591 32687181.82528669 0.077143 0.25307902693748474 

