SR-Stab -1 -1 0 -1 -1 -1 -1 2.0 0.099999994 0.1 5334368.407948964 518.9607733391209 32686939.89680531 0.077143 4.686679874549977 
SR-Stab -1 -1 0 -1 -1 -1 -1 2.0 0.099999994 0.1 5334368.435687774 519.0265034340306 32686935.00415089 0.077143 5.672296635256578 
SR-Stab -1 -1 0 -1 -1 -1 -1 2.0 0.099999994 0.1 5334368.455531114 519.1818374298497 32686930.175972484 0.077143 5.037818365258751 
SR-Stab -1 -1 0 -1 -1 -1 -1 2.0 0.099999994 0.1 5334368.443439239 519.3677815102025 32686924.89917805 0.077143 5.823216667973294 
SR-Stab -1 -1 0 -1 -1 -1 -1 2.0 0.099999994 0.1 5334368.300426238 518.7543123863621 32686958.24494984 0.077143 2.2734185825171926 
SR-Stab -1 -1 0 -1 -1 -1 -1 2.0 0.099999994 0.1 5334368.1010703975 518.7783243559285 32686949.23207905 0.077143 0.7923678051590671 
SR-Stab -1 -1 0 -1 -1 -1 -1 2.0 0.099999994 0.1 5334368.09340834 518.6385993860646 32686949.372246288 0.077143 0.6008320450782776 
SR-Stab -1 -1 0 -1 -1 -1 -1 2.0 0.099999994 0.1 5334368.5698249275 519.3543685577794 32686924.425934337 0.077143 1.2159594786900254 
SR-Stab -1 -1 0 -1 -1 -1 -1 2.0 0.099999994 0.1 5334368.281425231 518.9593833588048 32686953.264145397 0.077143 1.481016039800635 
SR-Stab -1 -1 0 -1 -1 -1 -1 2.0 0.099999994 0.1 5334368.59011411 518.8595329426213 32686930.12753346 0.077143 0.7868813716220305 
SR-Stab -1 -1 0 -1 -1 -1 -1 2.0 0.099999994 0.1 5334368.614413255 519.0092228554173 32686924.782036327 0.077143 0.656060516834259 
SR-Stab -1 -1 0 -1 -1 -1 -1 2.0 0.099999994 0.1 5334368.34326505 518.8142003916188 32686930.15976765 0.077143 0.4619233310222626 
SR-Stab -1 -1 0 -1 -1 -1 -1 2.0 0.099999994 0.1 5334368.303782933 518.7432423733159 32686935.008888744 0.077143 0.44185125827789307 
SR-Stab -1 -1 0 -1 -1 -1 -1 2.0 0.099999994 0.1 5334368.173697227 518.7938843868657 32686943.327301525 0.077143 0.4127962291240692 
SR-Stab -1 -1 0 -1 -1 -1 -1 2.0 0.099999994 0.1 5334368.616201633 518.7885123394414 32686939.78638508 0.077143 0.40536946058273315 
SR-Stab -1 -1 0 -1 -1 -1 -1 2.0 0.099999994 0.1 5334368.6154889995 518.8165693186207 32686934.983780406 0.077143 0.3401402533054352 
SR-Stab -1 -1 0 -1 -1 -1 -1 2.0 0.099999994 0.1 5334368.5062603885 518.6356853149815 32686939.874443553 0.077143 0.43251892924308777 
SR-Stab -1 -1 0 -1 -1 -1 -1 2.0 0.099999994 0.1 5334368.611178153 518.8515058659001 32686935.12773945 0.077143 0.4801274774293284 
SR-Stab -1 -1 0 -1 -1 -1 -1 2.0 0.099999994 0.1 5334368.449766868 518.7637892864628 32686930.334373973 0.077143 0.26193636655807495 
SR-Stab -1 -1 0 -1 -1 -1 -1 2.0 0.099999994 0.1 5334368.158108228 518.7123043440266 32686945.195358776 0.077143 0.2598649263381958 
SR-Stab -1 -1 0 -1 -1 -1 -1 2.0 0.099999994 0.1 5334368.242432349 518.6425893209858 32686939.885033153 0.077143 0.25386130809783936 

