SR-Stab -1 -1 0 -1 -1 -1 -1 2.0 0.099999994 0.1 5334351.260419717 516.7709372055526 32687486.902836353 0.077143 6.863376809506953 
SR-Stab -1 -1 0 -1 -1 -1 -1 2.0 0.099999994 0.1 5334351.365174642 516.7220202100273 32687429.83122304 0.077143 0.5566238164901733 
SR-Stab -1 -1 0 -1 -1 -1 -1 2.0 0.099999994 0.1 5334351.147770276 516.4727941763397 32687486.912285358 0.077143 0.7357170598610714 
SR-Stab -1 -1 0 -1 -1 -1 -1 2.0 0.099999994 0.1 5334351.376077762 516.4769111883636 32687486.871483356 0.077143 0.4552470515586905 
SR-Stab -1 -1 0 -1 -1 -1 -1 2.0 0.099999994 0.1 5334351.363839736 516.7339991939064 32687429.9765096 0.077143 0.45476895570755005 
SR-Stab -1 -1 0 -1 -1 -1 -1 2.0 0.099999994 0.1 5334351.233270755 516.4673801672454 32687486.78561452 0.077143 0.36391774119734227 
SR-Stab -1 -1 0 -1 -1 -1 -1 2.0 0.099999994 0.1 5334351.353082767 516.4676561963554 32687487.006546527 0.077143 0.33839547634124756 
SR-Stab -1 -1 0 -1 -1 -1 -1 2.0 0.099999994 0.1 5334351.221936813 516.4616242063041 32687487.039940387 0.077143 0.2777273654937744 
SR-Stab -1 -1 0 -1 -1 -1 -1 2.0 0.099999994 0.1 5334351.341363778 516.4652491819854 32687486.754898578 0.077143 0.2642531394958496 

