SR-Stab -1 -1 0 -1 -1 -1 -1 2.0 0.099999994 0.1 5334365.484672698 517.6151906549809 32687046.207775455 0.077143 5.1218939532125685 
SR-Stab -1 -1 0 -1 -1 -1 -1 2.0 0.099999994 0.1 5334365.340997848 517.3921096622822 32687051.449703556 0.077143 6.062582768937891 
SR-Stab -1 -1 0 -1 -1 -1 -1 2.0 0.099999994 0.1 5334365.452552709 517.6792536079762 32687073.935661655 0.077143 6.018770150828318 
SR-Stab -1 -1 0 -1 -1 -1 -1 2.0 0.099999994 0.1 5334365.178126725 517.5123516023037 32687056.798351627 0.077143 4.352472234327879 
SR-Stab -1 -1 0 -1 -1 -1 -1 2.0 0.099999994 0.1 5334365.291945609 517.281169682729 32687079.315372806 0.077143 2.1239735860141753 
SR-Stab -1 -1 0 -1 -1 -1 -1 2.0 0.099999994 0.1 5334365.170112523 517.2070646583912 32687084.59384952 0.077143 1.355639051376899 
SR-Stab -1 -1 0 -1 -1 -1 -1 2.0 0.099999994 0.1 5334365.475275668 517.2252156436322 32687046.09807239 0.077143 0.5252282023429871 
SR-Stab -1 -1 0 -1 -1 -1 -1 2.0 0.099999994 0.1 5334365.486153754 517.1520366370556 32687074.007599216 0.077143 0.4629945158958435 
SR-Stab -1 -1 0 -1 -1 -1 -1 2.0 0.099999994 0.1 5334365.1614178745 517.1912566721318 32687056.90142856 0.077143 0.45611438155174255 
SR-Stab -1 -1 0 -1 -1 -1 -1 2.0 0.099999994 0.1 5334365.459305915 517.2092566788075 32687046.334064823 0.077143 0.6480731307943961 
SR-Stab -1 -1 0 -1 -1 -1 -1 2.0 0.099999994 0.1 5334365.282387885 517.2057416736958 32687056.8721088 0.077143 0.43430647253990173 
SR-Stab -1 -1 0 -1 -1 -1 -1 2.0 0.099999994 0.1 5334365.253349694 517.2272606193898 32687056.695267063 0.077143 0.4204585248333793 
SR-Stab -1 -1 0 -1 -1 -1 -1 2.0 0.099999994 0.1 5334365.215530786 517.198121100652 32687051.527054172 0.077143 0.5848173545820029 
SR-Stab -1 -1 0 -1 -1 -1 -1 2.0 0.099999994 0.1 5334365.342467937 517.2264846861241 32687046.213070255 0.077143 0.3444761633872986 
SR-Stab -1 -1 0 -1 -1 -1 -1 2.0 0.099999994 0.1 5334365.367541227 517.1932776272175 32687051.596126895 0.077143 0.4893204210326087 
SR-Stab -1 -1 0 -1 -1 -1 -1 2.0 0.099999994 0.1 5334365.48682681 517.2091406881688 32687051.554611545 0.077143 0.27410292625427246 

