SR-Stab -1 -1 0 -1 -1 -1 -1 2.0 0.099999994 0.1 5334380.652434044 519.7606433851109 32686504.408740357 0.077143 6.684114059530924 
SR-Stab -1 -1 0 -1 -1 -1 -1 2.0 0.099999994 0.1 5334380.787077956 519.9965592843877 32686489.05156739 0.077143 5.923530016453544 
SR-Stab -1 -1 0 -1 -1 -1 -1 2.0 0.099999994 0.1 5334380.928795867 519.7028284293996 32686474.411651924 0.077143 4.98043722224106 
SR-Stab -1 -1 0 -1 -1 -1 -1 2.0 0.099999994 0.1 5334380.873233609 519.8743583185063 32686478.99667771 0.077143 9.027476870513437 
SR-Stab -1 -1 0 -1 -1 -1 -1 2.0 0.099999994 0.1 5334380.726712994 519.7145663720952 32686499.088913277 0.077143 7.661592014248651 
SR-Stab -1 -1 0 -1 -1 -1 -1 2.0 0.099999994 0.1 5334380.843533568 519.6837018949376 32686484.351059273 0.077143 5.06760459453614 
SR-Stab -1 -1 0 -1 -1 -1 -1 2.0 0.099999994 0.1 5334380.744664006 519.7100423795567 32686494.39369233 0.077143 5.811055122221086 
SR-Stab -1 -1 0 -1 -1 -1 -1 2.0 0.099999994 0.1 5334380.971862845 519.8648258668767 32686469.013435677 0.077143 6.31755050135243 
SR-Stab -1 -1 0 -1 -1 -1 -1 2.0 0.099999994 0.1 5334380.635774545 519.6047353965627 32686509.084110573 0.077143 1.0796718078930738 
SR-Stab -1 -1 0 -1 -1 -1 -1 2.0 0.099999994 0.1 5334380.732277088 519.3934079033719 32686484.395428017 0.077143 0.6722089648246765 
SR-Stab -1 -1 0 -1 -1 -1 -1 2.0 0.099999994 0.1 5334380.753438525 519.3824309331761 32686489.15393479 0.077143 0.7618644825602308 
SR-Stab -1 -1 0 -1 -1 -1 -1 2.0 0.099999994 0.1 5334380.976332001 519.4002583844052 32686468.863762215 0.077143 0.4228304922580719 
SR-Stab -1 -1 0 -1 -1 -1 -1 2.0 0.099999994 0.1 5334380.656843476 519.3741969091283 32686489.05410035 0.077143 0.6461330080979493 
SR-Stab -1 -1 0 -1 -1 -1 -1 2.0 0.099999994 0.1 5334380.7897115275 519.3653228504048 32686499.179503754 0.077143 0.5334278032226899 
SR-Stab -1 -1 0 -1 -1 -1 -1 2.0 0.099999994 0.1 5334380.723393016 519.3589073640691 32686488.961548164 0.077143 0.40297645330429077 
SR-Stab -1 -1 0 -1 -1 -1 -1 2.0 0.099999994 0.1 5334380.842842035 519.3855753762112 32686479.097633675 0.077143 0.39522799849510193 
SR-Stab -1 -1 0 -1 -1 -1 -1 2.0 0.099999994 0.1 5334380.8783380315 519.400000355898 32686478.865410164 0.077143 0.37929782271385193 
SR-Stab -1 -1 0 -1 -1 -1 -1 2.0 0.099999994 0.1 5334380.8593769595 519.3738773686276 32686494.44397767 0.077143 0.424134761095047 
SR-Stab -1 -1 0 -1 -1 -1 -1 2.0 0.099999994 0.1 5334380.965510897 519.3832763654576 32686469.137459114 0.077143 0.3781726658344269 
SR-Stab -1 -1 0 -1 -1 -1 -1 2.0 0.099999994 0.1 5334380.908896022 519.3910693747388 32686484.481331185 0.077143 0.4550992250442505 
SR-Stab -1 -1 0 -1 -1 -1 -1 2.0 0.099999994 0.1 5334380.953795962 519.3927324039327 32686484.251732185 0.077143 0.36188623309135437 
SR-Stab -1 -1 0 -1 -1 -1 -1 2.0 0.099999994 0.1 5334380.943911843 519.4068134052144 32686474.541145638 0.077143 0.35866114497184753 
SR-Stab -1 -1 0 -1 -1 -1 -1 2.0 0.099999994 0.1 5334380.67227798 519.3533543569432 32686498.95414765 0.077143 0.31592283036449054 
SR-Stab -1 -1 0 -1 -1 -1 -1 2.0 0.099999994 0.1 5334380.668041997 519.3577993733273 32686494.53794892 0.077143 0.2960566282272339 
SR-Stab -1 -1 0 -1 -1 -1 -1 2.0 0.099999994 0.1 5334380.761360936 519.3869104010449 32686478.93579133 0.077143 0.29580872936408353 
SR-Stab -1 -1 0 -1 -1 -1 -1 2.0 0.099999994 0.1 5334380.847901039 519.3883503896581 32686488.91008027 0.077143 0.2884388566017151 
SR-Stab -1 -1 0 -1 -1 -1 -1 2.0 0.099999994 0.1 5334380.937796883 519.3846533519612 32686488.99585755 0.077143 0.28803569078445435 
SR-Stab -1 -1 0 -1 -1 -1 -1 2.0 0.099999994 0.1 5334380.777278475 519.3695683700429 32686504.34761651 0.077143 0.34954631680679843 
SR-Stab -1 -1 0 -1 -1 -1 -1 2.0 0.099999994 0.1 5334380.724941067 519.351514361559 32686494.26906617 0.077143 0.26261937618255615 
SR-Stab -1 -1 0 -1 -1 -1 -1 2.0 0.099999994 0.1 5334380.797763042 519.4068624002324 32686474.464065865 0.077143 0.261333167552948 

