SR-Stab -1 -1 0 -1 -1 -1 -1 2.0 0.099999994 0.1 5334372.325237668 517.9867878038285 32687009.025817778 0.077143 5.047678112299393 
SR-Stab -1 -1 0 -1 -1 -1 -1 2.0 0.099999994 0.1 5334372.16488663 518.1121459085343 32686989.837379362 0.077143 5.332443975627637 
SR-Stab -1 -1 0 -1 -1 -1 -1 2.0 0.099999994 0.1 5334372.216389573 517.969720371425 32687013.10794058 0.077143 4.4375931837867535 
SR-Stab -1 -1 0 -1 -1 -1 -1 2.0 0.099999994 0.1 5334371.920192755 517.8675878126023 32687023.111496355 0.077143 4.1501371586579685 
SR-Stab -1 -1 0 -1 -1 -1 -1 2.0 0.099999994 0.1 5334372.079062498 517.8902587968705 32687017.76790705 0.077143 4.427909499422313 
SR-Stab -1 -1 0 -1 -1 -1 -1 2.0 0.099999994 0.1 5334372.1397525435 517.8372728902696 32686989.949127104 0.077143 0.530448317527771 
SR-Stab -1 -1 0 -1 -1 -1 -1 2.0 0.099999994 0.1 5334372.133587635 517.8255229074357 32686989.706687834 0.077143 0.45499345660209656 
SR-Stab -1 -1 0 -1 -1 -1 -1 2.0 0.099999994 0.1 5334372.158435619 517.560242839515 32687013.215751555 0.077143 0.5432505011558533 
SR-Stab -1 -1 0 -1 -1 -1 -1 2.0 0.099999994 0.1 5334372.16933266 517.5619278628228 32687012.99732962 0.077143 0.3234868347644806 
SR-Stab -1 -1 0 -1 -1 -1 -1 2.0 0.099999994 0.1 5334372.242542661 517.6099398214219 32687009.14447775 0.077143 0.28119248151779175 

