SR-Stab -1 -1 0 -1 -1 -1 -1 2.0 0.099999994 0.1 5334368.407095707 519.1502084810136 32686939.903861906 0.077143 4.916559847786375 
SR-Stab -1 -1 0 -1 -1 -1 -1 2.0 0.099999994 0.1 5334368.468809879 519.2384491044877 32686930.155639555 0.077143 6.213092581981769 
SR-Stab -1 -1 0 -1 -1 -1 -1 2.0 0.099999994 0.1 5334368.433146275 519.0403702337144 32686935.006088164 0.077143 3.8938107029791644 
SR-Stab -1 -1 0 -1 -1 -1 -1 2.0 0.099999994 0.1 5334368.294501579 518.7381666976808 32686958.2247695 0.077143 2.620292845753334 
SR-Stab -1 -1 0 -1 -1 -1 -1 2.0 0.099999994 0.1 5334368.278088844 518.8813533861039 32686953.258605864 0.077143 2.1914661191338065 
SR-Stab -1 -1 0 -1 -1 -1 -1 2.0 0.099999994 0.1 5334368.393361366 518.6494128782151 32686939.776107695 0.077143 0.7087420359805673 
SR-Stab -1 -1 0 -1 -1 -1 -1 2.0 0.099999994 0.1 5334368.417141235 518.707273729503 32686935.14714041 0.077143 0.46448954939842224 
SR-Stab -1 -1 0 -1 -1 -1 -1 2.0 0.099999994 0.1 5334368.439942158 518.7074003297685 32686934.857910063 0.077143 0.4558942914009094 
SR-Stab -1 -1 0 -1 -1 -1 -1 2.0 0.099999994 0.1 5334368.475863255 518.7296013910172 32686930.291854765 0.077143 0.4088931381702423 
SR-Stab -1 -1 0 -1 -1 -1 -1 2.0 0.099999994 0.1 5334368.317119396 518.6930413324235 32686935.046646025 0.077143 0.3813062012195587 
SR-Stab -1 -1 0 -1 -1 -1 -1 2.0 0.099999994 0.1 5334368.288466728 518.8141131479142 32686930.179679777 0.077143 0.3533823788166046 
SR-Stab -1 -1 0 -1 -1 -1 -1 2.0 0.099999994 0.1 5334367.9116652375 518.4768574315904 32686958.39424124 0.077143 0.3435066342353821 
SR-Stab -1 -1 0 -1 -1 -1 -1 2.0 0.099999994 0.1 5334368.054592407 518.4996832687257 32686957.866462614 0.077143 0.28900566697120667 
SR-Stab -1 -1 0 -1 -1 -1 -1 2.0 0.099999994 0.1 5334368.135387695 518.7063037235139 32686945.35166922 0.077143 0.28106042742729187 
SR-Stab -1 -1 0 -1 -1 -1 -1 2.0 0.099999994 0.1 5334368.1927893525 518.3281537372468 32686958.19465628 0.077143 0.2507990598678589 

