SR-Stab -1 -1 0 -1 -1 -1 -1 2.0 0.099999994 0.1 5334366.888836659 517.7560308057664 32687024.551647093 0.077143 5.81262715439433 
SR-Stab -1 -1 0 -1 -1 -1 -1 2.0 0.099999994 0.1 5334366.936869419 517.6998828727601 32687019.438880827 0.077143 5.750292689923874 
SR-Stab -1 -1 0 -1 -1 -1 -1 2.0 0.099999994 0.1 5334366.2567007905 517.6851878244279 32687019.705178168 0.077143 5.384155618821758 
SR-Stab -1 -1 0 -1 -1 -1 -1 2.0 0.099999994 0.1 5334366.793875492 517.3274648267625 32687024.46182623 0.077143 0.8007794817055033 
SR-Stab -1 -1 0 -1 -1 -1 -1 2.0 0.099999994 0.1 5334366.287737644 518.0406348783372 32687009.16897955 0.077143 1.7747080627150935 
SR-Stab -1 -1 0 -1 -1 -1 -1 2.0 0.099999994 0.1 5334366.294786728 518.0412179309724 32687009.210929777 0.077143 0.5512383464302659 
SR-Stab -1 -1 0 -1 -1 -1 -1 2.0 0.099999994 0.1 5334366.755320347 517.3240058500169 32687024.60517111 0.077143 0.6236572735465139 
SR-Stab -1 -1 0 -1 -1 -1 -1 2.0 0.099999994 0.1 5334366.986434258 517.7860049087403 32687008.854194548 0.077143 1.820074687504585 
SR-Stab -1 -1 0 -1 -1 -1 -1 2.0 0.099999994 0.1 5334366.595106876 517.730507858455 32687000.678161528 0.077143 0.7688825085994189 
SR-Stab -1 -1 0 -1 -1 -1 -1 2.0 0.099999994 0.1 5334366.370574272 517.3594068366883 32687019.653321173 0.077143 0.6576543190908404 
SR-Stab -1 -1 0 -1 -1 -1 -1 2.0 0.099999994 0.1 5334366.842863358 517.3643298823235 32687019.31987753 0.077143 0.4491245746612549 
SR-Stab -1 -1 0 -1 -1 -1 -1 2.0 0.099999994 0.1 5334366.231483257 517.4009949046967 32687019.562928107 0.077143 0.41820083454788837 
SR-Stab -1 -1 0 -1 -1 -1 -1 2.0 0.099999994 0.1 5334367.023377216 517.2751443464158 32687024.527012255 0.077143 0.588421895181928 
SR-Stab -1 -1 0 -1 -1 -1 -1 2.0 0.099999994 0.1 5334366.817609585 517.3057018596528 32687024.691146757 0.077143 0.32470405101776123 
SR-Stab -1 -1 0 -1 -1 -1 -1 2.0 0.099999994 0.1 5334367.130969322 517.8519538719056 32686992.440380003 0.077143 0.6074530508665525 
SR-Stab -1 -1 0 -1 -1 -1 -1 2.0 0.099999994 0.1 5334366.485512531 517.5949438888429 32687000.74642935 0.077143 0.29893258213996887 
SR-Stab -1 -1 0 -1 -1 -1 -1 2.0 0.099999994 0.1 5334367.039620674 517.3620758730767 32687019.51286402 0.077143 0.2951633036136627 
SR-Stab -1 -1 0 -1 -1 -1 -1 2.0 0.099999994 0.1 5334366.2676523095 517.3934248763917 32687019.86052027 0.077143 0.29140254855155945 
SR-Stab -1 -1 0 -1 -1 -1 -1 2.0 0.099999994 0.1 5334366.639550484 517.6648478586076 32687000.77857962 0.077143 0.27831581234931946 
SR-Stab -1 -1 0 -1 -1 -1 -1 2.0 0.099999994 0.1 5334366.533086575 517.610240824878 32687021.59089699 0.077143 0.2783155143260956 

