SR-Stab -1 -1 0 -1 -1 -1 -1 2.0 0.099999994 0.1 5334371.192435539 518.0135419446824 32686999.89347067 0.077143 4.172246656027119 
SR-Stab -1 -1 0 -1 -1 -1 -1 2.0 0.099999994 0.1 5334370.889728821 517.9327919561265 32687005.24131384 0.077143 5.222961375612584 
SR-Stab -1 -1 0 -1 -1 -1 -1 2.0 0.099999994 0.1 5334370.770299233 517.8443813402055 32687008.85715094 0.077143 5.10885723583123 
SR-Stab -1 -1 0 -1 -1 -1 -1 2.0 0.099999994 0.1 5334371.06762389 517.6469573456643 32686999.872325804 0.077143 0.7171034548930828 
SR-Stab -1 -1 0 -1 -1 -1 -1 2.0 0.099999994 0.1 5334370.803439892 517.4794808704255 32687008.714507964 0.077143 0.5530572099845374 
SR-Stab -1 -1 0 -1 -1 -1 -1 2.0 0.099999994 0.1 5334370.822839058 517.5485198575852 32687005.34662619 0.077143 0.6026559086412232 
SR-Stab -1 -1 0 -1 -1 -1 -1 2.0 0.099999994 0.1 5334371.192354477 517.640252836406 32686999.729102995 0.077143 0.4109638035297394 
SR-Stab -1 -1 0 -1 -1 -1 -1 2.0 0.099999994 0.1 5334371.233563698 517.6224313456414 32687000.021030333 0.077143 0.5485408255504913 
SR-Stab -1 -1 0 -1 -1 -1 -1 2.0 0.099999994 0.1 5334370.835909403 517.4603958207963 32687009.027877714 0.077143 0.7317703366279602 
SR-Stab -1 -1 0 -1 -1 -1 -1 2.0 0.099999994 0.1 5334370.958194054 517.5350293595193 32687005.352115538 0.077143 0.4355397968803374 

