SR-Stab -1 -1 0 -1 -1 -1 -1 2.0 0.099999994 0.1 5332983.097930743 520.2285209828864 32695050.462532125 0.077143 4.268844633744762 
SR-Stab -1 -1 0 -1 -1 -1 -1 2.0 0.099999994 0.1 5332984.420860126 520.2903759414206 32695050.705207907 0.077143 6.1404540921695885 
SR-Stab -1 -1 0 -1 -1 -1 -1 2.0 0.099999994 0.1 5332984.544830157 520.1124169761191 32695026.09117707 0.077143 0.9692207503474243 
SR-Stab -1 -1 0 -1 -1 -1 -1 2.0 0.099999994 0.1 5332983.125475242 519.8462889129172 32695050.61308249 0.077143 0.43711256980895996 
SR-Stab -1 -1 0 -1 -1 -1 -1 2.0 0.099999994 0.1 5332984.41536124 519.855365269805 32695050.818244062 0.077143 0.6449989131293258 
SR-Stab -1 -1 0 -1 -1 -1 -1 2.0 0.099999994 0.1 5332984.540743425 520.1139889294158 32695025.96928414 0.077143 0.41626930236816406 
SR-Stab -1 -1 0 -1 -1 -1 -1 2.0 0.099999994 0.1 5332984.61625798 520.1118829185019 32695026.209589086 0.077143 0.40476834774017334 
SR-Stab -1 -1 0 -1 -1 -1 -1 2.0 0.099999994 0.1 5332984.5205183765 519.8797053629409 32695050.64492806 0.077143 0.39220380783081055 
SR-Stab -1 -1 0 -1 -1 -1 -1 2.0 0.099999994 0.1 5332984.605055167 519.89539092126 32695050.748622976 0.077143 0.3485988676548004 
SR-Stab -1 -1 0 -1 -1 -1 -1 2.0 0.099999994 0.1 5332982.973978355 519.8764709168921 32695050.4759446 0.077143 0.6347504200327382 
SR-Stab -1 -1 0 -1 -1 -1 -1 2.0 0.099999994 0.1 5332984.501840188 520.1101739341269 32695026.21142014 0.077143 0.3304971158504486 
SR-Stab -1 -1 0 -1 -1 -1 -1 2.0 0.099999994 0.1 5332984.915125205 521.6812499696265 32695028.739502035 0.077143 0.2986648380756378 
SR-Stab -1 -1 0 -1 -1 -1 -1 2.0 0.099999994 0.1 5332983.508135154 520.0616819197188 32695045.72185334 0.077143 0.25636225938796997 
SR-Stab -1 -1 0 -1 -1 -1 -1 2.0 0.099999994 0.1 5332984.422482087 519.8918003970633 32695050.56050881 0.077143 0.2503407565891495 

