SR-Stab -1 -1 0 -1 -1 -1 -1 2.0 0.099999994 0.1 5332994.33573754 521.0884076291571 32694979.679521643 0.077143 3.8508714798839856 
SR-Stab -1 -1 0 -1 -1 -1 -1 2.0 0.099999994 0.1 5332993.358751609 520.237386458541 32695059.003542148 0.077143 2.485097974262914 
SR-Stab -1 -1 0 -1 -1 -1 -1 2.0 0.099999994 0.1 5332993.292826011 522.6587430173407 32695055.580568634 0.077143 1.9214887189057723 
SR-Stab -1 -1 0 -1 -1 -1 -1 2.0 0.099999994 0.1 5332993.845102622 520.2078299457083 32695051.495361887 0.077143 0.9223948709154124 
SR-Stab -1 -1 0 -1 -1 -1 -1 2.0 0.099999994 0.1 5332994.041656806 524.2971137696753 32694977.748415075 0.077143 0.6734611392021179 
SR-Stab -1 -1 0 -1 -1 -1 -1 2.0 0.099999994 0.1 5332993.544447257 520.0532284313689 32695056.510837637 0.077143 0.769086279559718 
SR-Stab -1 -1 0 -1 -1 -1 -1 2.0 0.099999994 0.1 5332993.91854985 524.5316828423987 32694977.78059586 0.077143 0.8892788150029173 
SR-Stab -1 -1 0 -1 -1 -1 -1 2.0 0.099999994 0.1 5332994.18950875 520.2252559596549 32695046.31114968 0.077143 0.4658638834953308 
SR-Stab -1 -1 0 -1 -1 -1 -1 2.0 0.099999994 0.1 5332993.729059531 525.321752899314 32695008.53451737 0.077143 0.46086305379867554 
SR-Stab -1 -1 0 -1 -1 -1 -1 2.0 0.099999994 0.1 5332994.429258659 520.9777926141272 32694978.171434484 0.077143 0.7136407165440055 
SR-Stab -1 -1 0 -1 -1 -1 -1 2.0 0.099999994 0.1 5332993.60504277 525.3199208909522 32695008.518213354 0.077143 0.44038131833076477 
SR-Stab -1 -1 0 -1 -1 -1 -1 2.0 0.099999994 0.1 5332993.788019492 519.9715939694892 32695051.414279543 0.077143 0.8278717323911885 
SR-Stab -1 -1 0 -1 -1 -1 -1 2.0 0.099999994 0.1 5332993.33712609 525.3177241021643 32695008.503076635 0.077143 0.4285215139389038 
SR-Stab -1 -1 0 -1 -1 -1 -1 2.0 0.099999994 0.1 5332994.179529502 525.3212641412268 32695008.556612097 0.077143 0.4159068763256073 
SR-Stab -1 -1 0 -1 -1 -1 -1 2.0 0.099999994 0.1 5332994.597040488 525.3308471375952 32695008.587091528 0.077143 0.40156644582748413 
SR-Stab -1 -1 0 -1 -1 -1 -1 2.0 0.099999994 0.1 5332993.896860435 524.2677057916175 32694979.649652563 0.077143 0.6502294163786024 
SR-Stab -1 -1 0 -1 -1 -1 -1 2.0 0.099999994 0.1 5332994.047014548 525.3228210145484 32695008.54705628 0.077143 0.39038097858428955 
SR-Stab -1 -1 0 -1 -1 -1 -1 2.0 0.099999994 0.1 5332994.5393307945 525.2446960145484 32694980.617471777 0.077143 0.35156282782554626 
SR-Stab -1 -1 0 -1 -1 -1 -1 2.0 0.099999994 0.1 5332994.184747054 525.3190969163428 32694984.63584336 0.077143 0.3506435453891754 
SR-Stab -1 -1 0 -1 -1 -1 -1 2.0 0.099999994 0.1 5332994.506226852 520.6466274196158 32694980.220728002 0.077143 0.3367231786251068 
SR-Stab -1 -1 0 -1 -1 -1 -1 2.0 0.099999994 0.1 5332993.568169906 520.5581719810019 32694988.56639298 0.077143 0.32785090804100037 
SR-Stab -1 -1 0 -1 -1 -1 -1 2.0 0.099999994 0.1 5332994.603121116 522.5417228871833 32695040.590597235 0.077143 0.7083367061998077 
SR-Stab -1 -1 0 -1 -1 -1 -1 2.0 0.099999994 0.1 5332993.851174667 524.2966293031226 32694977.70248612 0.077143 0.3085578978061676 

