SR-Stab -1 -1 0 -1 -1 -1 -1 2.0 0.099999994 0.1 5332991.392681434 521.0094890529166 32695004.18488892 0.077143 3.0801674219128 
SR-Stab -1 -1 0 -1 -1 -1 -1 2.0 0.099999994 0.1 5332990.186824157 520.7165129119406 32695007.9842244 0.077143 3.6506557294714614 
SR-Stab -1 -1 0 -1 -1 -1 -1 2.0 0.099999994 0.1 5332990.838274314 520.926924818183 32695007.783571325 0.077143 2.6742311279219186 
SR-Stab -1 -1 0 -1 -1 -1 -1 2.0 0.099999994 0.1 5332989.899271323 519.9508109027396 32695041.79288014 0.077143 1.2141076325141744 
SR-Stab -1 -1 0 -1 -1 -1 -1 2.0 0.099999994 0.1 5332989.441915824 520.5742675000678 32694999.996934973 0.077143 1.107460360067953 
SR-Stab -1 -1 0 -1 -1 -1 -1 2.0 0.099999994 0.1 5332989.463185622 520.374852889205 32695000.07829102 0.077143 1.022836400844016 
SR-Stab -1 -1 0 -1 -1 -1 -1 2.0 0.099999994 0.1 5332991.465181663 520.1223659450064 32695026.57019242 0.077143 1.4120726866923188 
SR-Stab -1 -1 0 -1 -1 -1 -1 2.0 0.099999994 0.1 5332990.033670737 520.0207850271712 32695045.360432707 0.077143 0.6682591362729603 
SR-Stab -1 -1 0 -1 -1 -1 -1 2.0 0.099999994 0.1 5332990.056557014 519.9332674676428 32695050.784054838 0.077143 0.7819518464068955 
SR-Stab -1 -1 0 -1 -1 -1 -1 2.0 0.099999994 0.1 5332991.514748885 520.070043914939 32695026.413112722 0.077143 0.8985685706138611 
SR-Stab -1 -1 0 -1 -1 -1 -1 2.0 0.099999994 0.1 5332991.058504417 520.4638729030142 32695008.03825196 0.077143 0.4487502872943878 
SR-Stab -1 -1 0 -1 -1 -1 -1 2.0 0.099999994 0.1 5332991.533155753 525.3235839540015 32695004.057314 0.077143 0.44728100299835205 
SR-Stab -1 -1 0 -1 -1 -1 -1 2.0 0.099999994 0.1 5332990.061928107 519.8881118828307 32695050.643894278 0.077143 0.5879076974093128 
SR-Stab -1 -1 0 -1 -1 -1 -1 2.0 0.099999994 0.1 5332990.009081199 520.1442319089423 32695044.03077706 0.077143 0.4118342101573944 
SR-Stab -1 -1 0 -1 -1 -1 -1 2.0 0.099999994 0.1 5332989.884414985 519.9429532224189 32695042.122192465 0.077143 0.5405891365456336 
SR-Stab -1 -1 0 -1 -1 -1 -1 2.0 0.099999994 0.1 5332991.51291497 520.7555802995215 32694997.897901617 0.077143 1.066677421548645 
SR-Stab -1 -1 0 -1 -1 -1 -1 2.0 0.099999994 0.1 5332991.462225272 524.5889338189612 32694980.674112402 0.077143 0.4752336807072513 
SR-Stab -1 -1 0 -1 -1 -1 -1 2.0 0.099999994 0.1 5332991.394718482 520.8917293483267 32694997.888696752 0.077143 1.3054340068938521 
SR-Stab -1 -1 0 -1 -1 -1 -1 2.0 0.099999994 0.1 5332991.34037049 520.0545201236258 32695026.471386038 0.077143 0.44235854149107057 
SR-Stab -1 -1 0 -1 -1 -1 -1 2.0 0.099999994 0.1 5332989.931009605 519.9223689371596 32695044.147670828 0.077143 0.3311338722705841 
SR-Stab -1 -1 0 -1 -1 -1 -1 2.0 0.099999994 0.1 5332989.914410903 520.4623417788993 32695008.135774694 0.077143 0.31073540449142456 
SR-Stab -1 -1 0 -1 -1 -1 -1 2.0 0.099999994 0.1 5332991.541460349 525.4477599793921 32695004.154916845 0.077143 0.310735285282135 
SR-Stab -1 -1 0 -1 -1 -1 -1 2.0 0.099999994 0.1 5332989.889518096 519.9072015816222 32695043.992510878 0.077143 0.300028920173645 
SR-Stab -1 -1 0 -1 -1 -1 -1 2.0 0.099999994 0.1 5332989.901926353 519.893483930255 32695042.88936337 0.077143 0.2690422832965851 

