SR-Stab -1 -1 0 -1 -1 -1 -1 2.0 0.099999994 0.1 5333041.3413635045 511.9824608157694 32694411.763034794 0.077143 5.176898840351695 
SR-Stab -1 -1 0 -1 -1 -1 -1 2.0 0.099999994 0.1 5333040.9659676105 512.0866407643377 32694423.28356931 0.077143 4.164430610714762 
SR-Stab -1 -1 0 -1 -1 -1 -1 2.0 0.099999994 0.1 5333041.543288544 511.1588778089106 32694389.582973454 0.077143 1.4830744215327614 
SR-Stab -1 -1 0 -1 -1 -1 -1 2.0 0.099999994 0.1 5333041.424231604 511.1662678311884 32694390.18358228 0.077143 1.05647237885384 
SR-Stab -1 -1 0 -1 -1 -1 -1 2.0 0.099999994 0.1 5333041.291176513 511.19856580005285 32694390.897384617 0.077143 0.8061127293969995 
SR-Stab -1 -1 0 -1 -1 -1 -1 2.0 0.099999994 0.1 5333041.302242473 511.5019288252413 32694411.877166722 0.077143 0.3190925717353821 
SR-Stab -1 -1 0 -1 -1 -1 -1 2.0 0.099999994 0.1 5333041.447491482 511.4929417859137 32694411.810249303 0.077143 0.28667306900024414 
SR-Stab -1 -1 0 -1 -1 -1 -1 2.0 0.099999994 0.1 5333041.386475518 511.1664617847025 32694390.069511387 0.077143 0.2787759006023407 
SR-Stab -1 -1 0 -1 -1 -1 -1 2.0 0.099999994 0.1 5333041.558540419 511.1754077862322 32694390.138767216 0.077143 0.27756452560424805 
SR-Stab -1 -1 0 -1 -1 -1 -1 2.0 0.099999994 0.1 5333041.328642443 511.17074080215093 32694391.020256016 0.077143 0.27388206124305725 
SR-Stab -1 -1 0 -1 -1 -1 -1 2.0 0.099999994 0.1 5333040.863213494 511.20619483695623 32694393.33106229 0.077143 0.255092591047287 

