SR-Stab -1 -1 0 -1 -1 -1 -1 2.0 0.099999994 0.1 5332998.720643522 519.7014619287244 32695122.0971302 0.077143 5.372889904067561 
SR-Stab -1 -1 0 -1 -1 -1 -1 2.0 0.099999994 0.1 5332999.058400871 519.7407528933278 32695116.116279982 0.077143 5.024742678472862 
SR-Stab -1 -1 0 -1 -1 -1 -1 2.0 0.099999994 0.1 5332998.713739397 519.3175719555608 32695121.971046828 0.077143 0.46212577651504805 
SR-Stab -1 -1 0 -1 -1 -1 -1 2.0 0.099999994 0.1 5332998.744237425 519.317662942051 32695122.21762123 0.077143 0.42499157786369324 
SR-Stab -1 -1 0 -1 -1 -1 -1 2.0 0.099999994 0.1 5332999.037622454 519.4914399560681 32695160.732292555 0.077143 0.4016580581665039 
SR-Stab -1 -1 0 -1 -1 -1 -1 2.0 0.099999994 0.1 5332999.115559341 519.3309839543095 32695116.216324233 0.077143 0.3904893398284912 
SR-Stab -1 -1 0 -1 -1 -1 -1 2.0 0.099999994 0.1 5332998.938553335 519.3365219410649 32695116.127804182 0.077143 0.5747385289305114 
SR-Stab -1 -1 0 -1 -1 -1 -1 2.0 0.099999994 0.1 5332998.843460562 519.3245909389249 32695122.0384449 0.077143 0.342030793428421 
SR-Stab -1 -1 0 -1 -1 -1 -1 2.0 0.099999994 0.1 5332999.004778387 519.3268489416829 32695115.975967787 0.077143 0.2575362015874076 

