SR-Stab -1 -1 0 -1 -1 -1 -1 2.0 0.099999994 0.1 5333011.407543821 521.104106291362 32694945.68692397 0.077143 5.97014152988456 
SR-Stab -1 -1 0 -1 -1 -1 -1 2.0 0.099999994 0.1 5333011.358702345 520.9109163127624 32694946.75639342 0.077143 3.6956672661153425 
SR-Stab -1 -1 0 -1 -1 -1 -1 2.0 0.099999994 0.1 5333010.746537847 521.1261147103988 32694955.563171376 0.077143 5.620397048443266 
SR-Stab -1 -1 0 -1 -1 -1 -1 2.0 0.099999994 0.1 5333010.679248495 520.6072637878143 32694955.693595875 0.077143 0.7131032649305925 
SR-Stab -1 -1 0 -1 -1 -1 -1 2.0 0.099999994 0.1 5333010.810790701 520.594806297847 32694955.66877364 0.077143 0.5582446498804899 
SR-Stab -1 -1 0 -1 -1 -1 -1 2.0 0.099999994 0.1 5333010.847452803 520.58366928918 32694955.543525685 0.077143 0.35593774914741516 
SR-Stab -1 -1 0 -1 -1 -1 -1 2.0 0.099999994 0.1 5333011.360444708 520.5491037212097 32694946.602027882 0.077143 0.4618474543094635 
SR-Stab -1 -1 0 -1 -1 -1 -1 2.0 0.099999994 0.1 5333011.273979826 520.5606232724869 32694946.59999465 0.077143 0.33679399683405137 
SR-Stab -1 -1 0 -1 -1 -1 -1 2.0 0.099999994 0.1 5333011.229285879 520.5443562112533 32694946.79389571 0.077143 0.5842336910796616 
SR-Stab -1 -1 0 -1 -1 -1 -1 2.0 0.099999994 0.1 5333010.775692625 520.6086532912933 32694955.439674366 0.077143 0.3099408447742462 

