SR-Stab -1 -1 0 -1 -1 -1 -1 2.0 0.099999994 0.1 5332999.477032924 520.8528243284982 32694973.457111288 0.077143 5.860295845793434 
SR-Stab -1 -1 0 -1 -1 -1 -1 2.0 0.099999994 0.1 5333000.06281116 520.9461612683099 32694964.526367117 0.077143 5.042095689103507 
SR-Stab -1 -1 0 -1 -1 -1 -1 2.0 0.099999994 0.1 5333000.035858417 520.9705542307656 32694954.209587026 0.077143 5.18458167000522 
SR-Stab -1 -1 0 -1 -1 -1 -1 2.0 0.099999994 0.1 5332999.372473979 520.7904077750009 32694955.59943383 0.077143 1.986155656183746 
SR-Stab -1 -1 0 -1 -1 -1 -1 2.0 0.099999994 0.1 5332999.588104511 520.5617037993234 32694973.44644921 0.077143 0.7510566032524889 
SR-Stab -1 -1 0 -1 -1 -1 -1 2.0 0.099999994 0.1 5332999.5237543825 520.5431188326638 32694973.313785482 0.077143 0.8442271621412507 
SR-Stab -1 -1 0 -1 -1 -1 -1 2.0 0.099999994 0.1 5332999.378668094 520.5334633570474 32694973.35228722 0.077143 0.3508060623403602 
SR-Stab -1 -1 0 -1 -1 -1 -1 2.0 0.099999994 0.1 5333000.07942226 525.54326712902 32694963.3283767 0.077143 0.7211387265093223 
SR-Stab -1 -1 0 -1 -1 -1 -1 2.0 0.099999994 0.1 5332999.52577045 520.527699349479 32694973.602596212 0.077143 0.33692270517349243 
SR-Stab -1 -1 0 -1 -1 -1 -1 2.0 0.099999994 0.1 5333000.02549007 520.5481529217523 32694964.646907736 0.077143 0.4583435720951351 
SR-Stab -1 -1 0 -1 -1 -1 -1 2.0 0.099999994 0.1 5332999.3721573595 520.5867303591531 32694966.90549462 0.077143 0.2981443703174591 
SR-Stab -1 -1 0 -1 -1 -1 -1 2.0 0.099999994 0.1 5332999.629665637 520.5396043043893 32694973.535499502 0.077143 0.27680590748786926 
SR-Stab -1 -1 0 -1 -1 -1 -1 2.0 0.099999994 0.1 5332999.388539577 520.5304593425553 32694973.61025994 0.077143 0.2688441574573517 
SR-Stab -1 -1 0 -1 -1 -1 -1 2.0 0.099999994 0.1 5332999.462825084 520.5313285570901 32694955.44372933 0.077143 0.34305882453918457 
SR-Stab -1 -1 0 -1 -1 -1 -1 2.0 0.099999994 0.1 5332999.955797458 520.5467066746514 32694964.462444235 0.077143 0.2581726014614105 

