SR-Stab -1 -1 0 -1 -1 -1 -1 2.0 0.099999994 0.1 5333049.438912466 511.0878223072111 32694367.52259061 0.077143 8.269073512944766 
SR-Stab -1 -1 0 -1 -1 -1 -1 2.0 0.099999994 0.1 5333049.199462011 511.43316482411024 32694373.162246678 0.077143 3.8102739951717703 
SR-Stab -1 -1 0 -1 -1 -1 -1 2.0 0.099999994 0.1 5333048.76788719 511.4463538120806 32694398.973865483 0.077143 1.3247451770101213 
SR-Stab -1 -1 0 -1 -1 -1 -1 2.0 0.099999994 0.1 5333049.554002836 510.6560568104803 32694367.568649266 0.077143 0.7768844132121681 
SR-Stab -1 -1 0 -1 -1 -1 -1 2.0 0.099999994 0.1 5333048.722806051 511.38026978479024 32694399.07249448 0.077143 1.0206903276877155 
SR-Stab -1 -1 0 -1 -1 -1 -1 2.0 0.099999994 0.1 5333049.652694777 510.36433928118345 32694349.556915257 0.077143 1.5569969894685327 
SR-Stab -1 -1 0 -1 -1 -1 -1 2.0 0.099999994 0.1 5333048.773528174 511.3910657952845 32694403.959426854 0.077143 0.5952005982398987 
SR-Stab -1 -1 0 -1 -1 -1 -1 2.0 0.099999994 0.1 5333049.513908461 510.6394477377951 32694367.422729466 0.077143 0.6615675814479582 
SR-Stab -1 -1 0 -1 -1 -1 -1 2.0 0.099999994 0.1 5333049.339696959 510.6450227986395 32694367.647888158 0.077143 0.6407764977590985 
SR-Stab -1 -1 0 -1 -1 -1 -1 2.0 0.099999994 0.1 5333049.138301924 511.3009498308718 32694399.34420011 0.077143 0.7595987126387967 
SR-Stab -1 -1 0 -1 -1 -1 -1 2.0 0.099999994 0.1 5333048.7100649625 511.5153998027861 32694401.7376518 0.077143 0.3200151324272156 
SR-Stab -1 -1 0 -1 -1 -1 -1 2.0 0.099999994 0.1 5333048.900957182 511.3772397826731 32694404.066253636 0.077143 0.3015807271003723 
SR-Stab -1 -1 0 -1 -1 -1 -1 2.0 0.099999994 0.1 5333049.2809601575 510.6133367310583 32694367.505279515 0.077143 0.30235406210607435 
SR-Stab -1 -1 0 -1 -1 -1 -1 2.0 0.099999994 0.1 5333049.682068899 511.9333147893965 32694403.15956876 0.077143 0.2696843147277832 
SR-Stab -1 -1 0 -1 -1 -1 -1 2.0 0.099999994 0.1 5333049.728724554 511.7939637790739 32694402.987480137 0.077143 0.2604913115501404 
SR-Stab -1 -1 0 -1 -1 -1 -1 2.0 0.099999994 0.1 5333049.180323675 511.2821387837946 32694399.231071446 0.077143 0.2503856122493744 

