SR-Stab -1 -1 0 -1 -1 -1 -1 2.0 0.099999994 0.1 5333002.9376084525 520.3547752573962 32695045.733237978 0.077143 5.593890506961844 
SR-Stab -1 -1 0 -1 -1 -1 -1 2.0 0.099999994 0.1 5333002.840965243 520.2982752993579 32695039.021804567 0.077143 4.9403311474914 
SR-Stab -1 -1 0 -1 -1 -1 -1 2.0 0.099999994 0.1 5333003.069192858 520.311135359096 32695051.8870275 0.077143 6.766174052940905 
SR-Stab -1 -1 0 -1 -1 -1 -1 2.0 0.099999994 0.1 5333003.167820187 520.0143877938266 32695056.731742617 0.077143 4.489690447642492 
SR-Stab -1 -1 0 -1 -1 -1 -1 2.0 0.099999994 0.1 5333002.745609494 520.3921707346911 32695033.329162356 0.077143 5.3401255157954655 
SR-Stab -1 -1 0 -1 -1 -1 -1 2.0 0.099999994 0.1 5333002.745917292 520.0157383158679 32695033.447959658 0.077143 0.7749916927463849 
SR-Stab -1 -1 0 -1 -1 -1 -1 2.0 0.099999994 0.1 5333002.731797429 520.0086522772784 32695039.01396918 0.077143 0.49353940295176574 
SR-Stab -1 -1 0 -1 -1 -1 -1 2.0 0.099999994 0.1 5333003.023957225 519.8684733584399 32695056.711189028 0.077143 0.48333409428596497 
SR-Stab -1 -1 0 -1 -1 -1 -1 2.0 0.099999994 0.1 5333002.800935479 521.1324024870868 32695006.177100893 0.077143 1.1750281350400882 
SR-Stab -1 -1 0 -1 -1 -1 -1 2.0 0.099999994 0.1 5333002.96571991 519.8863573148723 32695051.89897513 0.077143 0.5870625376701355 
SR-Stab -1 -1 0 -1 -1 -1 -1 2.0 0.099999994 0.1 5333002.877094241 519.9680063202853 32695039.117873903 0.077143 0.7167865853831892 
SR-Stab -1 -1 0 -1 -1 -1 -1 2.0 0.099999994 0.1 5333003.208621236 519.9618583395953 32695048.80138373 0.077143 1.6449194693029752 
SR-Stab -1 -1 0 -1 -1 -1 -1 2.0 0.099999994 0.1 5333003.209685298 519.7502083256717 32695064.938285585 0.077143 1.0430703682542042 
SR-Stab -1 -1 0 -1 -1 -1 -1 2.0 0.099999994 0.1 5333003.206218453 520.3109132721896 32695027.045119997 0.077143 0.7883581047661274 
SR-Stab -1 -1 0 -1 -1 -1 -1 2.0 0.099999994 0.1 5333003.212860318 519.7996503189082 32695056.599593874 0.077143 0.39125502403569934 
SR-Stab -1 -1 0 -1 -1 -1 -1 2.0 0.099999994 0.1 5333002.736487122 520.0107968523974 32695033.1722486 0.077143 0.5372412822875019 
SR-Stab -1 -1 0 -1 -1 -1 -1 2.0 0.099999994 0.1 5333003.21082327 519.8943093493457 32695048.908912417 0.077143 0.677494314573513 
SR-Stab -1 -1 0 -1 -1 -1 -1 2.0 0.099999994 0.1 5333003.210899325 519.8755483105655 32695051.878097292 0.077143 0.37228018045425415 
SR-Stab -1 -1 0 -1 -1 -1 -1 2.0 0.099999994 0.1 5333002.818669291 519.9829593375201 32695038.84914374 0.077143 0.3567427396774292 
SR-Stab -1 -1 0 -1 -1 -1 -1 2.0 0.099999994 0.1 5333003.0372383315 519.9064223840709 32695045.771568056 0.077143 0.8926370232770634 
SR-Stab -1 -1 0 -1 -1 -1 -1 2.0 0.099999994 0.1 5333003.209116669 519.9486709311481 32695048.675121065 0.077143 0.5329094322600412 
SR-Stab -1 -1 0 -1 -1 -1 -1 2.0 0.099999994 0.1 5333002.810602399 519.9223442748065 32695045.7266767 0.077143 0.6744591214672565 
SR-Stab -1 -1 0 -1 -1 -1 -1 2.0 0.099999994 0.1 5333002.9824454505 519.9607818797107 32695038.982238527 0.077143 0.4023926556110382 
SR-Stab -1 -1 0 -1 -1 -1 -1 2.0 0.099999994 0.1 5333002.892224284 522.6756334975238 32695005.997871157 0.077143 0.30050599575042725 
SR-Stab -1 -1 0 -1 -1 -1 -1 2.0 0.099999994 0.1 5333002.877105208 520.0206573679919 32695033.408042666 0.077143 0.2939757704734802 
SR-Stab -1 -1 0 -1 -1 -1 -1 2.0 0.099999994 0.1 5333003.1456804 519.8578503802295 32695051.771186586 0.077143 0.290091335773468 
SR-Stab -1 -1 0 -1 -1 -1 -1 2.0 0.099999994 0.1 5333003.198779317 519.7516003325458 32695064.830077883 0.077143 0.2853705883026123 
SR-Stab -1 -1 0 -1 -1 -1 -1 2.0 0.099999994 0.1 5333003.138639184 519.9063593223567 32695052.022769686 0.077143 0.5186709982941988 
SR-Stab -1 -1 0 -1 -1 -1 -1 2.0 0.099999994 0.1 5333002.921711417 519.8853253796573 32695045.621162172 0.077143 0.26820340752601624 
SR-Stab -1 -1 0 -1 -1 -1 -1 2.0 0.099999994 0.1 5333002.9174432475 519.9925343468661 32695038.83817267 0.077143 0.2596015930175781 

