SR-Stab -1 -1 0 -1 -1 -1 -1 2.0 0.099999994 0.1 5332987.1695254585 520.7316338950644 32695012.986948095 0.077143 4.6234357106348 
SR-Stab -1 -1 0 -1 -1 -1 -1 2.0 0.099999994 0.1 5332987.281326606 520.2991388970862 32695031.705452047 0.077143 6.4519655664844375 
SR-Stab -1 -1 0 -1 -1 -1 -1 2.0 0.099999994 0.1 5332987.598171546 520.7201899224768 32695018.587160192 0.077143 7.263440478159542 
SR-Stab -1 -1 0 -1 -1 -1 -1 2.0 0.099999994 0.1 5332986.101145103 520.6965084010611 32695011.553453527 0.077143 1.5303877864150413 
SR-Stab -1 -1 0 -1 -1 -1 -1 2.0 0.099999994 0.1 5332987.554018333 520.1319570476065 32695026.02396401 0.077143 1.2707183346756805 
SR-Stab -1 -1 0 -1 -1 -1 -1 2.0 0.099999994 0.1 5332987.232271506 520.2230583960066 32695012.912283026 0.077143 0.71201171732297 
SR-Stab -1 -1 0 -1 -1 -1 -1 2.0 0.099999994 0.1 5332987.587194755 520.1573849255095 32695018.703920446 0.077143 0.5141488313674927 
SR-Stab -1 -1 0 -1 -1 -1 -1 2.0 0.099999994 0.1 5332987.434953525 520.0201169187079 32695031.700782858 0.077143 0.7309337517077664 
SR-Stab -1 -1 0 -1 -1 -1 -1 2.0 0.099999994 0.1 5332987.175882175 520.2208309108267 32695013.126409613 0.077143 0.49898871779441833 
SR-Stab -1 -1 0 -1 -1 -1 -1 2.0 0.099999994 0.1 5332987.266474082 520.2040159636985 32695013.031995855 0.077143 0.49425095319747925 
SR-Stab -1 -1 0 -1 -1 -1 -1 2.0 0.099999994 0.1 5332987.080746963 520.4792843991767 32695026.140657507 0.077143 0.6386840269410108 
SR-Stab -1 -1 0 -1 -1 -1 -1 2.0 0.099999994 0.1 5332987.70836766 520.1798278028022 32695018.66581925 0.077143 0.5611564517021179 
SR-Stab -1 -1 0 -1 -1 -1 -1 2.0 0.099999994 0.1 5332987.6683219215 520.1562898093711 32695018.483911596 0.077143 0.5725184679031372 
SR-Stab -1 -1 0 -1 -1 -1 -1 2.0 0.099999994 0.1 5332987.479110553 520.1632391149054 32695018.47691544 0.077143 0.6276284158486561 
SR-Stab -1 -1 0 -1 -1 -1 -1 2.0 0.099999994 0.1 5332987.128008201 520.1852168971549 32695033.981540762 0.077143 0.41341352462768555 
SR-Stab -1 -1 0 -1 -1 -1 -1 2.0 0.099999994 0.1 5332987.164568259 520.0080009633551 32695031.59446343 0.077143 0.40919044613838196 
SR-Stab -1 -1 0 -1 -1 -1 -1 2.0 0.099999994 0.1 5332986.20662482 520.3841303521643 32695011.512308203 0.077143 0.5400341749191284 
SR-Stab -1 -1 0 -1 -1 -1 -1 2.0 0.099999994 0.1 5332986.590830161 520.1433159047614 32695037.310182653 0.077143 0.3374660015106201 
SR-Stab -1 -1 0 -1 -1 -1 -1 2.0 0.099999994 0.1 5332987.366262271 520.1852929526816 32695018.612474523 0.077143 0.28926214575767517 
SR-Stab -1 -1 0 -1 -1 -1 -1 2.0 0.099999994 0.1 5332987.072496249 520.2026729518424 32695013.126661383 0.077143 0.2848059833049774 
SR-Stab -1 -1 0 -1 -1 -1 -1 2.0 0.099999994 0.1 5332987.402250125 520.002258890296 32695031.520874105 0.077143 0.27812105417251587 
SR-Stab -1 -1 0 -1 -1 -1 -1 2.0 0.099999994 0.1 5332987.367681815 520.2458399468909 32695012.961465918 0.077143 0.2725587487220764 
SR-Stab -1 -1 0 -1 -1 -1 -1 2.0 0.099999994 0.1 5332986.58219321 520.1322379046927 32695037.48483666 0.077143 0.2650098204612732 

