SR-Stab -1 -1 0 -1 -1 -1 -1 2.0 0.099999994 0.1 5335200.280938671 490.86713242430744 32691120.660957616 0.077143 3.6193932810417015 
SR-Stab -1 -1 0 -1 -1 -1 -1 2.0 0.099999994 0.1 5335196.571837709 491.1900707473284 32691115.727934163 0.077143 4.936963287167876 
SR-Stab -1 -1 0 -1 -1 -1 -1 2.0 0.099999994 0.1 5335199.2598669985 491.0989080657488 32691121.626971047 0.077143 4.606066919982998 
SR-Stab -1 -1 0 -1 -1 -1 -1 2.0 0.099999994 0.1 5335195.265838907 490.9386192550188 32691116.926074307 0.077143 3.8005483266491633 
SR-Stab -1 -1 0 -1 -1 -1 -1 2.0 0.099999994 0.1 5335200.2393239 490.7186384191042 32691120.758878034 0.077143 0.5783264222641102 
SR-Stab -1 -1 0 -1 -1 -1 -1 2.0 0.099999994 0.1 5335196.426592157 490.8912856568819 32691115.760020535 0.077143 0.5982758402824402 
SR-Stab -1 -1 0 -1 -1 -1 -1 2.0 0.099999994 0.1 5335195.4203513125 490.71360963482914 32691116.918844502 0.077143 0.5809912085533142 
SR-Stab -1 -1 0 -1 -1 -1 -1 2.0 0.099999994 0.1 5335196.690364168 490.75936871666966 32691115.631418508 0.077143 0.5968180897919119 
SR-Stab -1 -1 0 -1 -1 -1 -1 2.0 0.099999994 0.1 5335195.337824152 490.690014599753 32691117.08764867 0.077143 0.5318976853735489 
SR-Stab -1 -1 0 -1 -1 -1 -1 2.0 0.099999994 0.1 5335199.276384638 490.5932230939394 32691121.468330663 0.077143 0.5480254435494627 
SR-Stab -1 -1 0 -1 -1 -1 -1 2.0 0.099999994 0.1 5335196.5496499995 490.73099660773335 32691115.62984113 0.077143 0.39182797858754304 
SR-Stab -1 -1 0 -1 -1 -1 -1 2.0 0.099999994 0.1 5335195.236275957 490.6913856257921 32691117.068484586 0.077143 0.37822654843330383 
SR-Stab -1 -1 0 -1 -1 -1 -1 2.0 0.099999994 0.1 5335199.196862982 490.5913294543749 32691121.773872655 0.077143 0.3494076728820801 
SR-Stab -1 -1 0 -1 -1 -1 -1 2.0 0.099999994 0.1 5335199.431398199 490.59170746703205 32691121.669807713 0.077143 0.34153103828430176 
SR-Stab -1 -1 0 -1 -1 -1 -1 2.0 0.099999994 0.1 5335195.3617136935 490.7097966660982 32691116.75718717 0.077143 0.6265168786048889 
SR-Stab -1 -1 0 -1 -1 -1 -1 2.0 0.099999994 0.1 5335199.93172221 490.80302464861927 32691115.02915601 0.077143 0.2833009362220764 

