SR-Stab -1 -1 0 -1 -1 -1 -1 2.0 0.099999994 0.1 5335316.2906263955 486.48759968423934 32691269.558944356 0.077143 4.804966484566094 
SR-Stab -1 -1 0 -1 -1 -1 -1 2.0 0.099999994 0.1 5335317.861780036 486.71633882665725 32691274.95896877 0.077143 4.985090297554961 
SR-Stab -1 -1 0 -1 -1 -1 -1 2.0 0.099999994 0.1 5335314.793895591 486.65723498010726 32691270.36131252 0.077143 4.8310767599643425 
SR-Stab -1 -1 0 -1 -1 -1 -1 2.0 0.099999994 0.1 5335313.051936973 486.55624897623153 32691265.326461446 0.077143 5.89731296086843 
SR-Stab -1 -1 0 -1 -1 -1 -1 2.0 0.099999994 0.1 5335314.720336784 486.28907568597884 32691270.42571987 0.077143 0.5241600813041472 
SR-Stab -1 -1 0 -1 -1 -1 -1 2.0 0.099999994 0.1 5335317.823810447 486.17002983236404 32691275.06665386 0.077143 0.6178754568099976 
SR-Stab -1 -1 0 -1 -1 -1 -1 2.0 0.099999994 0.1 5335318.015294898 486.1810801758775 32691275.020702016 0.077143 0.6448696255683899 
SR-Stab -1 -1 0 -1 -1 -1 -1 2.0 0.099999994 0.1 5335317.969283927 486.161247147561 32691274.870525014 0.077143 0.5605924725532532 
SR-Stab -1 -1 0 -1 -1 -1 -1 2.0 0.099999994 0.1 5335317.757419456 486.17571361208053 32691274.9826733 0.077143 0.4477982521057129 
SR-Stab -1 -1 0 -1 -1 -1 -1 2.0 0.099999994 0.1 5335316.190006126 486.05949683332534 32691269.61976589 0.077143 0.46422892808914185 
SR-Stab -1 -1 0 -1 -1 -1 -1 2.0 0.099999994 0.1 5335314.975261558 486.19699807310195 32691270.429656636 0.077143 0.5429965169005847 
SR-Stab -1 -1 0 -1 -1 -1 -1 2.0 0.099999994 0.1 5335317.798206199 486.1621571316728 32691274.837764394 0.077143 0.38398420810699463 
SR-Stab -1 -1 0 -1 -1 -1 -1 2.0 0.099999994 0.1 5335316.190952171 486.0485176577577 32691269.43804134 0.077143 0.4771590603930155 
SR-Stab -1 -1 0 -1 -1 -1 -1 2.0 0.099999994 0.1 5335316.369991172 486.05010779047103 32691269.403968465 0.077143 0.49871755829914216 
SR-Stab -1 -1 0 -1 -1 -1 -1 2.0 0.099999994 0.1 5335314.910568107 486.17841465616317 32691270.247680318 0.077143 0.32694676518440247 
SR-Stab -1 -1 0 -1 -1 -1 -1 2.0 0.099999994 0.1 5335313.029079307 486.18014116430373 32691265.477016103 0.077143 0.3078732490539551 
SR-Stab -1 -1 0 -1 -1 -1 -1 2.0 0.099999994 0.1 5335314.764816154 486.20776314878555 32691270.216735493 0.077143 0.2976243495941162 
SR-Stab -1 -1 0 -1 -1 -1 -1 2.0 0.099999994 0.1 5335317.967918266 486.15998668813796 32691274.78118099 0.077143 0.29223381078982164 

