SR-Stab -1 -1 0 -1 -1 -1 -1 2.0 0.099999994 0.1 5335302.648399223 486.7618181242952 32691253.059341084 0.077143 4.188117992480869 
SR-Stab -1 -1 0 -1 -1 -1 -1 2.0 0.099999994 0.1 5335303.267074455 486.86707861566634 32691252.52738918 0.077143 4.4026142017043215 
SR-Stab -1 -1 0 -1 -1 -1 -1 2.0 0.099999994 0.1 5335302.528426994 486.56509812021346 32691253.116408955 0.077143 1.0169508939239502 
SR-Stab -1 -1 0 -1 -1 -1 -1 2.0 0.099999994 0.1 5335303.268554557 486.4489051833162 32691252.626777302 0.077143 0.4189806580543518 
SR-Stab -1 -1 0 -1 -1 -1 -1 2.0 0.099999994 0.1 5335303.005802024 486.5743315949449 32691253.449035298 0.077143 0.5748781311088997 
SR-Stab -1 -1 0 -1 -1 -1 -1 2.0 0.099999994 0.1 5335302.766322959 486.55774314546676 32691253.19134487 0.077143 0.3275637924671173 
SR-Stab -1 -1 0 -1 -1 -1 -1 2.0 0.099999994 0.1 5335303.138858665 486.7091897263536 32691253.469596516 0.077143 0.42765040470674276 
SR-Stab -1 -1 0 -1 -1 -1 -1 2.0 0.099999994 0.1 5335302.73304354 486.5311426653871 32691252.901427876 0.077143 0.2947002649307251 
SR-Stab -1 -1 0 -1 -1 -1 -1 2.0 0.099999994 0.1 5335300.8126906045 486.72576458597274 32691258.9604565 0.077143 0.42746228037018896 
SR-Stab -1 -1 0 -1 -1 -1 -1 2.0 0.099999994 0.1 5335303.143276084 486.67074365758987 32691253.3803326 0.077143 0.45414428474253726 

