SR-Stab -1 -1 0 -1 -1 -1 -1 2.0 0.099999994 0.1 5335323.011760581 486.3322962059984 32691278.633308064 0.077143 5.010108691087626 
SR-Stab -1 -1 0 -1 -1 -1 -1 2.0 0.099999994 0.1 5335321.0856360085 486.5534681811342 32691279.98039211 0.077143 3.937589661541128 
SR-Stab -1 -1 0 -1 -1 -1 -1 2.0 0.099999994 0.1 5335324.287799705 486.47640772008987 32691285.138557088 0.077143 4.121897915369267 
SR-Stab -1 -1 0 -1 -1 -1 -1 2.0 0.099999994 0.1 5335319.412612785 486.40587277555557 32691273.75456966 0.077143 4.9288539983191875 
SR-Stab -1 -1 0 -1 -1 -1 -1 2.0 0.099999994 0.1 5335321.562351096 486.23912818574996 32691271.234264027 0.077143 0.5395762324333191 
SR-Stab -1 -1 0 -1 -1 -1 -1 2.0 0.099999994 0.1 5335324.280647147 486.0775206222543 32691285.002639424 0.077143 0.6530606150627136 
SR-Stab -1 -1 0 -1 -1 -1 -1 2.0 0.099999994 0.1 5335323.114654411 485.92599947595687 32691278.573596608 0.077143 0.5080249309539795 
SR-Stab -1 -1 0 -1 -1 -1 -1 2.0 0.099999994 0.1 5335325.76057421 486.30437417173476 32691285.594129216 0.077143 0.6412491323621822 
SR-Stab -1 -1 0 -1 -1 -1 -1 2.0 0.099999994 0.1 5335324.186260093 486.11118717336745 32691285.192088734 0.077143 0.4609391689300537 
SR-Stab -1 -1 0 -1 -1 -1 -1 2.0 0.099999994 0.1 5335319.51904856 486.0077586307535 32691273.835525166 0.077143 0.4244900047779083 
SR-Stab -1 -1 0 -1 -1 -1 -1 2.0 0.099999994 0.1 5335321.238704551 486.13177580976577 32691279.9581982 0.077143 0.3998005986213684 
SR-Stab -1 -1 0 -1 -1 -1 -1 2.0 0.099999994 0.1 5335322.882526267 485.93550588035674 32691278.68526424 0.077143 0.4606715142726898 
SR-Stab -1 -1 0 -1 -1 -1 -1 2.0 0.099999994 0.1 5335321.102619041 486.140545202733 32691280.132495534 0.077143 0.37220272421836853 
SR-Stab -1 -1 0 -1 -1 -1 -1 2.0 0.099999994 0.1 5335322.982408393 485.95301814222427 32691278.793651234 0.077143 0.37032949924468994 
SR-Stab -1 -1 0 -1 -1 -1 -1 2.0 0.099999994 0.1 5335322.896726478 485.9353411331186 32691278.530982625 0.077143 0.36048179864883423 
SR-Stab -1 -1 0 -1 -1 -1 -1 2.0 0.099999994 0.1 5335319.422813285 485.99704648399444 32691273.607249867 0.077143 0.4788758155446862 
SR-Stab -1 -1 0 -1 -1 -1 -1 2.0 0.099999994 0.1 5335319.366514076 485.99827213430495 32691273.84807552 0.077143 0.35252365469932556 
SR-Stab -1 -1 0 -1 -1 -1 -1 2.0 0.099999994 0.1 5335321.203081001 486.13469214582534 32691279.821902882 0.077143 0.3426530957221985 
SR-Stab -1 -1 0 -1 -1 -1 -1 2.0 0.099999994 0.1 5335325.70378672 486.2503801121721 32691285.590556752 0.077143 0.3210699218544669 
SR-Stab -1 -1 0 -1 -1 -1 -1 2.0 0.099999994 0.1 5335324.463407386 486.06876714372726 32691285.169364583 0.077143 0.3060494363307953 
SR-Stab -1 -1 0 -1 -1 -1 -1 2.0 0.099999994 0.1 5335323.101770271 485.9062371387491 32691278.76414455 0.077143 0.2979804575443268 
SR-Stab -1 -1 0 -1 -1 -1 -1 2.0 0.099999994 0.1 5335325.897182334 486.30226810121627 32691285.54920162 0.077143 0.2923309803009033 
SR-Stab -1 -1 0 -1 -1 -1 -1 2.0 0.099999994 0.1 5335319.283559669 486.0324231519708 32691273.60608257 0.077143 0.27629345655441284 
SR-Stab -1 -1 0 -1 -1 -1 -1 2.0 0.099999994 0.1 5335326.029559959 486.3735022082338 32691287.241294514 0.077143 0.2519283890724182 

