SR-Stab -1 -1 0 -1 -1 -1 -1 2.0 0.099999994 0.1 5335211.099483429 490.54717050842146 32691135.866126772 0.077143 4.586636284112477 
SR-Stab -1 -1 0 -1 -1 -1 -1 2.0 0.099999994 0.1 5335207.196987092 490.8047615175615 32691131.1273725 0.077143 4.820946851969803 
SR-Stab -1 -1 0 -1 -1 -1 -1 2.0 0.099999994 0.1 5335211.625915467 490.528219569243 32691135.370223757 0.077143 4.579555474519705 
SR-Stab -1 -1 0 -1 -1 -1 -1 2.0 0.099999994 0.1 5335207.832237183 490.6668013220201 32691130.49945044 0.077143 3.8877484975919616 
SR-Stab -1 -1 0 -1 -1 -1 -1 2.0 0.099999994 0.1 5335211.678447663 490.2166274671922 32691135.28083014 0.077143 0.6028392910957336 
SR-Stab -1 -1 0 -1 -1 -1 -1 2.0 0.099999994 0.1 5335211.139305054 490.2355211859117 32691135.719428774 0.077143 0.6848894953727722 
SR-Stab -1 -1 0 -1 -1 -1 -1 2.0 0.099999994 0.1 5335207.8159140935 490.37763773254255 32691130.627586123 0.077143 0.7370595664193476 
SR-Stab -1 -1 0 -1 -1 -1 -1 2.0 0.099999994 0.1 5335207.708843171 490.3212362413774 32691130.407073732 0.077143 0.6664148622662222 
SR-Stab -1 -1 0 -1 -1 -1 -1 2.0 0.099999994 0.1 5335207.309524476 490.40336023620466 32691131.027259585 0.077143 0.51130610704422 
SR-Stab -1 -1 0 -1 -1 -1 -1 2.0 0.099999994 0.1 5335207.676113068 490.4035774355302 32691130.563667055 0.077143 0.37704721093177795 
SR-Stab -1 -1 0 -1 -1 -1 -1 2.0 0.099999994 0.1 5335211.501052796 490.1942809706102 32691135.437812563 0.077143 0.35494115948677063 
SR-Stab -1 -1 0 -1 -1 -1 -1 2.0 0.099999994 0.1 5335207.95191568 490.231451619185 32691130.505195376 0.077143 0.3319794535636902 
SR-Stab -1 -1 0 -1 -1 -1 -1 2.0 0.099999994 0.1 5335211.603240906 490.1016191130052 32691135.503463503 0.077143 0.31113481521606445 

