SR-Stab -1 -1 0 -1 -1 -1 -1 2.0 0.099999994 0.1 5334392.01524471 519.4001888489728 32685987.077087466 0.077143 4.843683804058275 
SR-Stab -1 -1 0 -1 -1 -1 -1 2.0 0.099999994 0.1 5334391.566934812 519.3615699863439 32685991.86912543 0.077143 6.523768564422964 
SR-Stab -1 -1 0 -1 -1 -1 -1 2.0 0.099999994 0.1 5334391.820389974 519.5534760212903 32686018.914306704 0.077143 7.679466502614415 
SR-Stab -1 -1 0 -1 -1 -1 -1 2.0 0.099999994 0.1 5334392.225787389 519.5214839434628 32686010.755020205 0.077143 5.011772094594632 
SR-Stab -1 -1 0 -1 -1 -1 -1 2.0 0.099999994 0.1 5334392.032885778 519.5668009972577 32686014.820095126 0.077143 5.466243728419863 
SR-Stab -1 -1 0 -1 -1 -1 -1 2.0 0.099999994 0.1 5334391.389490354 518.9696289753919 32686021.13675696 0.077143 0.9724067499990048 
SR-Stab -1 -1 0 -1 -1 -1 -1 2.0 0.099999994 0.1 5334392.026670682 519.4779969906812 32685994.36308295 0.077143 2.0865396863327095 
SR-Stab -1 -1 0 -1 -1 -1 -1 2.0 0.099999994 0.1 5334392.173245656 519.3741089558606 32685992.421363894 0.077143 2.386694465556965 
SR-Stab -1 -1 0 -1 -1 -1 -1 2.0 0.099999994 0.1 5334391.928349721 519.0639489150052 32685987.13110358 0.077143 0.710814893245697 
SR-Stab -1 -1 0 -1 -1 -1 -1 2.0 0.099999994 0.1 5334392.213188398 519.1191549158101 32685990.218208376 0.077143 0.8855381329571989 
SR-Stab -1 -1 0 -1 -1 -1 -1 2.0 0.099999994 0.1 5334391.887366521 519.2560840106015 32685994.360481326 0.077143 0.6563184296078591 
SR-Stab -1 -1 0 -1 -1 -1 -1 2.0 0.099999994 0.1 5334392.049713361 519.2814059710507 32685992.384040896 0.077143 0.43847227096557617 
SR-Stab -1 -1 0 -1 -1 -1 -1 2.0 0.099999994 0.1 5334391.453704107 519.03196148634 32685991.82275397 0.077143 0.605436182898143 
SR-Stab -1 -1 0 -1 -1 -1 -1 2.0 0.099999994 0.1 5334392.186978566 519.2410229897504 32685992.284515444 0.077143 0.7940717418076724 
SR-Stab -1 -1 0 -1 -1 -1 -1 2.0 0.099999994 0.1 5334391.40393089 518.9602659797673 32686021.23900992 0.077143 0.41409167647361755 
SR-Stab -1 -1 0 -1 -1 -1 -1 2.0 0.099999994 0.1 5334391.3519632695 518.9752499914174 32686020.98598868 0.077143 0.40989750623703003 
SR-Stab -1 -1 0 -1 -1 -1 -1 2.0 0.099999994 0.1 5334392.004165876 519.2677989459042 32685994.49739081 0.077143 0.5587077963616116 
SR-Stab -1 -1 0 -1 -1 -1 -1 2.0 0.099999994 0.1 5334391.548988569 519.0555929994588 32685992.0015412 0.077143 0.39945048093795776 
SR-Stab -1 -1 0 -1 -1 -1 -1 2.0 0.099999994 0.1 5334392.146610486 519.3053929662709 32685994.360450808 0.077143 0.5280282740220753 
SR-Stab -1 -1 0 -1 -1 -1 -1 2.0 0.099999994 0.1 5334392.214637029 519.0097803926473 32685990.133705202 0.077143 0.3681566112837455 
SR-Stab -1 -1 0 -1 -1 -1 -1 2.0 0.099999994 0.1 5334392.043226468 519.3381709909444 32685994.229454104 0.077143 0.3563426434993744 
SR-Stab -1 -1 0 -1 -1 -1 -1 2.0 0.099999994 0.1 5334391.660910833 518.9957010006909 32685991.764205996 0.077143 0.34321165084838867 
SR-Stab -1 -1 0 -1 -1 -1 -1 2.0 0.099999994 0.1 5334391.7403423665 519.0318320250516 32686018.802558962 0.077143 0.28121888637542725 
SR-Stab -1 -1 0 -1 -1 -1 -1 2.0 0.099999994 0.1 5334391.705269086 519.0509300088887 32685991.932975832 0.077143 0.2760237157344818 
SR-Stab -1 -1 0 -1 -1 -1 -1 2.0 0.099999994 0.1 5334391.447357404 519.0287179803853 32686025.06455237 0.077143 0.4869315824300696 
SR-Stab -1 -1 0 -1 -1 -1 -1 2.0 0.099999994 0.1 5334391.976854551 519.0620353674893 32685986.9258042 0.077143 0.27251169085502625 

