SR-Stab -1 -1 0 -1 -1 -1 -1 2.0 0.099999994 0.1 5334396.476224977 519.6782512881379 32685904.049615823 0.077143 3.3652491834557616 
SR-Stab -1 -1 0 -1 -1 -1 -1 2.0 0.099999994 0.1 5334396.269483644 519.7753887393097 32685939.93459507 0.077143 6.162083451922759 
SR-Stab -1 -1 0 -1 -1 -1 -1 2.0 0.099999994 0.1 5334396.608621675 519.2620525576691 32685943.201440774 0.077143 1.755352737338109 
SR-Stab -1 -1 0 -1 -1 -1 -1 2.0 0.099999994 0.1 5334396.588831025 519.3107586123566 32685903.97831913 0.077143 1.0377066265416066 
SR-Stab -1 -1 0 -1 -1 -1 -1 2.0 0.099999994 0.1 5334396.502084809 519.1382889964203 32685943.167039834 0.077143 0.3465858995914459 
SR-Stab -1 -1 0 -1 -1 -1 -1 2.0 0.099999994 0.1 5334396.599641877 519.3160302855591 32685943.31768223 0.077143 0.5210629418950333 
SR-Stab -1 -1 0 -1 -1 -1 -1 2.0 0.099999994 0.1 5334396.600977021 520.2937374331574 32685896.20247837 0.077143 0.4595044468695242 
SR-Stab -1 -1 0 -1 -1 -1 -1 2.0 0.099999994 0.1 5334396.3698750315 519.4879207827668 32685904.034875832 0.077143 0.28272196650505066 
SR-Stab -1 -1 0 -1 -1 -1 -1 2.0 0.099999994 0.1 5334396.455339509 519.4135799624543 32685896.827203713 0.077143 0.5314112901687622 

