SR-Stab -1 -1 0 -1 -1 -1 -1 2.0 0.099999994 0.1 5334393.360887891 519.5039876780835 32685888.576227453 0.077143 5.6240356019701325 
SR-Stab -1 -1 0 -1 -1 -1 -1 2.0 0.099999994 0.1 5334397.850839501 519.4699992022839 32685889.215074446 0.077143 3.9745508736294113 
SR-Stab -1 -1 0 -1 -1 -1 -1 2.0 0.099999994 0.1 5334397.507020598 520.5726376853314 32685878.73111167 0.077143 1.6937554918108588 
SR-Stab -1 -1 0 -1 -1 -1 -1 2.0 0.099999994 0.1 5334398.084504729 519.3226226649609 32685885.635885384 0.077143 1.154490313024677 
SR-Stab -1 -1 0 -1 -1 -1 -1 2.0 0.099999994 0.1 5334393.254365331 519.245732703003 32685888.521429446 0.077143 0.571966290473938 
SR-Stab -1 -1 0 -1 -1 -1 -1 2.0 0.099999994 0.1 5334396.66089881 521.9379327378598 32685876.93414512 0.077143 1.6317817195333257 
SR-Stab -1 -1 0 -1 -1 -1 -1 2.0 0.099999994 0.1 5334396.6558317 522.0392494283047 32685867.609972145 0.077143 0.8796916170015048 
SR-Stab -1 -1 0 -1 -1 -1 -1 2.0 0.099999994 0.1 5334398.0945986565 523.6304531178799 32685888.85491338 0.077143 1.3576245957071484 
SR-Stab -1 -1 0 -1 -1 -1 -1 2.0 0.099999994 0.1 5334397.906320697 519.1887646994916 32685889.317590322 0.077143 0.4385937452316284 
SR-Stab -1 -1 0 -1 -1 -1 -1 2.0 0.099999994 0.1 5334393.481080895 519.1773277006474 32685888.61765447 0.077143 0.6447281055778031 
SR-Stab -1 -1 0 -1 -1 -1 -1 2.0 0.099999994 0.1 5334396.9163607415 520.877062328848 32685887.954736378 0.077143 0.6216836091285818 
SR-Stab -1 -1 0 -1 -1 -1 -1 2.0 0.099999994 0.1 5334398.004449731 519.2068156979409 32685889.206796434 0.077143 0.7708638310432434 
SR-Stab -1 -1 0 -1 -1 -1 -1 2.0 0.099999994 0.1 5334396.737463361 522.3410127244321 32685850.821954872 0.077143 0.8900771156703393 
SR-Stab -1 -1 0 -1 -1 -1 -1 2.0 0.099999994 0.1 5334393.357164746 519.2174276790944 32685888.737459328 0.077143 0.7724157031074458 
SR-Stab -1 -1 0 -1 -1 -1 -1 2.0 0.099999994 0.1 5334393.450677758 519.1766646883813 32685888.485658433 0.077143 0.32895058393478394 
SR-Stab -1 -1 0 -1 -1 -1 -1 2.0 0.099999994 0.1 5334397.788331633 519.1874907098141 32685889.328546252 0.077143 0.3289468586444855 
SR-Stab -1 -1 0 -1 -1 -1 -1 2.0 0.099999994 0.1 5334397.852770453 522.1258204064694 32685839.58384147 0.077143 0.49078243789913617 
SR-Stab -1 -1 0 -1 -1 -1 -1 2.0 0.099999994 0.1 5334393.303675061 519.2428497157422 32685888.42191949 0.077143 0.29654355417794964 
SR-Stab -1 -1 0 -1 -1 -1 -1 2.0 0.099999994 0.1 5334396.08666504 522.5815615735379 32685865.644474175 0.077143 0.29397672414779663 
SR-Stab -1 -1 0 -1 -1 -1 -1 2.0 0.099999994 0.1 5334395.609010583 520.5146846852628 32685883.768694546 0.077143 0.27350273728370667 
SR-Stab -1 -1 0 -1 -1 -1 -1 2.0 0.099999994 0.1 5334392.375100499 522.499982842001 32685889.584005322 0.077143 0.26802486181259155 
SR-Stab -1 -1 0 -1 -1 -1 -1 2.0 0.099999994 0.1 5334395.152935391 522.2546196065274 32685867.896625664 0.077143 0.2557145059108734 

