SR-Stab -1 -1 0 -1 -1 -1 -1 2.0 0.099999994 0.1 5334386.9857685445 519.3868269777303 32685999.88928992 0.077143 5.797851323190311 
SR-Stab -1 -1 0 -1 -1 -1 -1 2.0 0.099999994 0.1 5334387.007914769 519.4898289895062 32686018.821701113 0.077143 5.4734997475820295 
SR-Stab -1 -1 0 -1 -1 -1 -1 2.0 0.099999994 0.1 5334387.167206514 519.3046169734006 32685990.17181403 0.077143 5.14126939236119 
SR-Stab -1 -1 0 -1 -1 -1 -1 2.0 0.099999994 0.1 5334386.722069013 519.4967309689526 32685994.95869452 0.077143 7.2858872535158 
SR-Stab -1 -1 0 -1 -1 -1 -1 2.0 0.099999994 0.1 5334386.464002836 519.0373365139966 32686028.11233527 0.077143 0.8296636779188924 
SR-Stab -1 -1 0 -1 -1 -1 -1 2.0 0.099999994 0.1 5334387.1255676625 519.0195054864888 32685999.968460146 0.077143 0.49607932567596436 
SR-Stab -1 -1 0 -1 -1 -1 -1 2.0 0.099999994 0.1 5334386.9614584325 518.9859144842629 32685999.75875861 0.077143 0.46206894691106276 
SR-Stab -1 -1 0 -1 -1 -1 -1 2.0 0.099999994 0.1 5334386.8643205045 518.9773194944863 32685999.884841982 0.077143 0.4600454568862915 
SR-Stab -1 -1 0 -1 -1 -1 -1 2.0 0.099999994 0.1 5334387.273030984 519.0695733881001 32685990.2864762 0.077143 0.35664233565330505 
SR-Stab -1 -1 0 -1 -1 -1 -1 2.0 0.099999994 0.1 5334387.243094671 519.0599424099927 32685990.043434206 0.077143 0.34710197439330354 
SR-Stab -1 -1 0 -1 -1 -1 -1 2.0 0.099999994 0.1 5334387.004197347 518.9946440017228 32686000.07601172 0.077143 0.3318307399749756 
SR-Stab -1 -1 0 -1 -1 -1 -1 2.0 0.099999994 0.1 5334387.203446615 519.9764919734006 32685993.848411623 0.077143 0.6541743874549866 
SR-Stab -1 -1 0 -1 -1 -1 -1 2.0 0.099999994 0.1 5334387.033316362 519.0608084058766 32685990.16361243 0.077143 0.29319265484809875 
SR-Stab -1 -1 0 -1 -1 -1 -1 2.0 0.099999994 0.1 5334386.890774476 518.9757000064855 32686000.027977053 0.077143 0.29054999351501465 
SR-Stab -1 -1 0 -1 -1 -1 -1 2.0 0.099999994 0.1 5334386.6205603955 519.0279639816289 32685994.92482764 0.077143 0.2900257408618927 
SR-Stab -1 -1 0 -1 -1 -1 -1 2.0 0.099999994 0.1 5334386.651070344 519.0316030240064 32685995.0728913 0.077143 0.2709067463874817 

