SR-Stab -1 -1 0 -1 -1 -1 -1 2.0 0.099999994 0.1 5334397.086038667 519.5400219180207 32685939.76425358 0.077143 5.452796039702309 
SR-Stab -1 -1 0 -1 -1 -1 -1 2.0 0.099999994 0.1 5334397.356420594 519.5506689765076 32685894.594415627 0.077143 8.010302505944692 
SR-Stab -1 -1 0 -1 -1 -1 -1 2.0 0.099999994 0.1 5334397.48772915 519.1271610476593 32685952.568462335 0.077143 1.8844458881189727 
SR-Stab -1 -1 0 -1 -1 -1 -1 2.0 0.099999994 0.1 5334397.504442292 519.1170330264191 32685952.469539605 0.077143 0.50911545753479 
SR-Stab -1 -1 0 -1 -1 -1 -1 2.0 0.099999994 0.1 5334397.267343598 519.2331905581574 32685894.58088871 0.077143 0.43055454624389 
SR-Stab -1 -1 0 -1 -1 -1 -1 2.0 0.099999994 0.1 5334397.353990632 519.2063465334992 32685943.738050424 0.077143 0.484197199344635 
SR-Stab -1 -1 0 -1 -1 -1 -1 2.0 0.099999994 0.1 5334397.504243928 519.0745368220429 32685952.717437707 0.077143 0.32657116651535034 
SR-Stab -1 -1 0 -1 -1 -1 -1 2.0 0.099999994 0.1 5334397.274957734 519.1955018260102 32685894.708475076 0.077143 0.30245405435562134 
SR-Stab -1 -1 0 -1 -1 -1 -1 2.0 0.099999994 0.1 5334397.359454232 519.0859427668671 32685952.44144436 0.077143 0.28741779923439026 
SR-Stab -1 -1 0 -1 -1 -1 -1 2.0 0.099999994 0.1 5334397.122003633 519.1108226992707 32685939.65543171 0.077143 0.27545106410980225 

