SR-Stab -1 -1 0 -1 -1 -1 -1 2.0 0.099999994 0.1 5329731.864547968 542.7834529069122 32696836.252171088 0.077143 5.866348629124089 
SR-Stab -1 -1 0 -1 -1 -1 -1 2.0 0.099999994 0.1 5329724.336620569 542.70146564514 32696836.485836554 0.077143 4.391965984486936 
SR-Stab -1 -1 0 -1 -1 -1 -1 2.0 0.099999994 0.1 5329729.436912775 542.6947234061416 32696842.846172858 0.077143 4.510805346436353 
SR-Stab -1 -1 0 -1 -1 -1 -1 2.0 0.099999994 0.1 5329727.099350214 542.7555624631103 32696839.864132453 0.077143 5.076727823315265 
SR-Stab -1 -1 0 -1 -1 -1 -1 2.0 0.099999994 0.1 5329727.636295557 542.7449813273605 32696833.820091773 0.077143 4.086176420807221 
SR-Stab -1 -1 0 -1 -1 -1 -1 2.0 0.099999994 0.1 5329730.443420649 542.6278350737747 32696831.56396537 0.077143 6.217913855114712 
SR-Stab -1 -1 0 -1 -1 -1 -1 2.0 0.099999994 0.1 5329732.80063653 542.6998463061508 32696829.71255927 0.077143 4.017977959600915 
SR-Stab -1 -1 0 -1 -1 -1 -1 2.0 0.099999994 0.1 5329730.548637629 542.7147386458572 32696830.784653235 0.077143 3.9833900422945874 
SR-Stab -1 -1 0 -1 -1 -1 -1 2.0 0.099999994 0.1 5329730.486923456 542.6602023032364 32696831.123554755 0.077143 3.2448763402498106 
SR-Stab -1 -1 0 -1 -1 -1 -1 2.0 0.099999994 0.1 5329727.3720629215 542.5366276887115 32696844.599224616 0.077143 0.826473894197985 
SR-Stab -1 -1 0 -1 -1 -1 -1 2.0 0.099999994 0.1 5329726.326870203 542.4235093978103 32696845.44595771 0.077143 0.7574576139450073 
SR-Stab -1 -1 0 -1 -1 -1 -1 2.0 0.099999994 0.1 5329726.62150979 542.4261263993438 32696845.193874884 0.077143 0.8338129778303045 
SR-Stab -1 -1 0 -1 -1 -1 -1 2.0 0.099999994 0.1 5329728.177063227 542.3838438180145 32696843.91864829 0.077143 0.8710041459242689 
SR-Stab -1 -1 0 -1 -1 -1 -1 2.0 0.099999994 0.1 5329726.08591485 542.4108022835907 32696845.5805326 0.077143 0.7273535132408142 
SR-Stab -1 -1 0 -1 -1 -1 -1 2.0 0.099999994 0.1 5329728.497421503 542.4990147736725 32696843.764431525 0.077143 0.7031995058059692 
SR-Stab -1 -1 0 -1 -1 -1 -1 2.0 0.099999994 0.1 5329731.898681879 542.1510544207748 32696836.354382087 0.077143 0.8732383470292219 
SR-Stab -1 -1 0 -1 -1 -1 -1 2.0 0.099999994 0.1 5329723.348140955 542.655694403952 32696847.82106452 0.077143 0.673865556716919 
SR-Stab -1 -1 0 -1 -1 -1 -1 2.0 0.099999994 0.1 5329728.009453058 542.3846971181091 32696844.069332648 0.077143 0.8731310963630676 
SR-Stab -1 -1 0 -1 -1 -1 -1 2.0 0.099999994 0.1 5329726.979591608 542.4007093098816 32696844.905098487 0.077143 1.2324354670001605 
SR-Stab -1 -1 0 -1 -1 -1 -1 2.0 0.099999994 0.1 5329722.531078577 542.69600562126 32696848.467102576 0.077143 0.6171985864639282 
SR-Stab -1 -1 0 -1 -1 -1 -1 2.0 0.099999994 0.1 5329727.503078699 542.2570524600204 32696833.839699317 0.077143 0.5608658194541931 
SR-Stab -1 -1 0 -1 -1 -1 -1 2.0 0.099999994 0.1 5329725.8006670475 542.4118643191513 32696845.783962775 0.077143 0.4997289478778839 
SR-Stab -1 -1 0 -1 -1 -1 -1 2.0 0.099999994 0.1 5329727.106800318 542.3958813336548 32696844.845684577 0.077143 0.48856037855148315 
SR-Stab -1 -1 0 -1 -1 -1 -1 2.0 0.099999994 0.1 5329732.85720849 542.116245308226 32696829.82407813 0.077143 0.484945148229599 
SR-Stab -1 -1 0 -1 -1 -1 -1 2.0 0.099999994 0.1 5329728.3983614445 542.348163285559 32696843.700047065 0.077143 0.7026878060087122 
SR-Stab -1 -1 0 -1 -1 -1 -1 2.0 0.099999994 0.1 5329725.756618738 542.4179153826889 32696845.91357856 0.077143 0.4750634431838989 
SR-Stab -1 -1 0 -1 -1 -1 -1 2.0 0.099999994 0.1 5329722.433593988 542.594877877539 32696848.481728125 0.077143 0.47089341282844543 
SR-Stab -1 -1 0 -1 -1 -1 -1 2.0 0.099999994 0.1 5329724.520057917 542.4990247872528 32696846.78118949 0.077143 0.8435720805439415 
SR-Stab -1 -1 0 -1 -1 -1 -1 2.0 0.099999994 0.1 5329727.522564173 542.2611422923263 32696833.74111228 0.077143 0.45254868268966675 
SR-Stab -1 -1 0 -1 -1 -1 -1 2.0 0.099999994 0.1 5329727.202232599 542.3565729048904 32696840.027432013 0.077143 0.447281152009964 
SR-Stab -1 -1 0 -1 -1 -1 -1 2.0 0.099999994 0.1 5329728.3065264225 542.3679103043731 32696843.87794547 0.077143 0.44120141863822937 
SR-Stab -1 -1 0 -1 -1 -1 -1 2.0 0.099999994 0.1 5329726.72754693 542.4104603913482 32696845.12788825 0.077143 0.4287159740924835 
SR-Stab -1 -1 0 -1 -1 -1 -1 2.0 0.099999994 0.1 5329727.229824305 542.402738371199 32696844.6496511 0.077143 0.409732848405838 
SR-Stab -1 -1 0 -1 -1 -1 -1 2.0 0.099999994 0.1 5329727.924732447 542.6507473376449 32696844.16231208 0.077143 0.4054723083972931 
SR-Stab -1 -1 0 -1 -1 -1 -1 2.0 0.099999994 0.1 5329731.917129755 542.135090270346 32696836.16257148 0.077143 0.5001436471939087 
SR-Stab -1 -1 0 -1 -1 -1 -1 2.0 0.099999994 0.1 5329723.21848321 542.520965853041 32696847.857571173 0.077143 0.388597697019577 
SR-Stab -1 -1 0 -1 -1 -1 -1 2.0 0.099999994 0.1 5329727.724743128 542.2795603659805 32696833.957943488 0.077143 0.38453006744384766 
SR-Stab -1 -1 0 -1 -1 -1 -1 2.0 0.099999994 0.1 5329723.108780146 556.0455836442169 32696815.25579505 0.077143 0.5131068382846201 
SR-Stab -1 -1 0 -1 -1 -1 -1 2.0 0.099999994 0.1 5329725.974102259 542.4110563185867 32696845.625176 0.077143 0.37545153498649597 
SR-Stab -1 -1 0 -1 -1 -1 -1 2.0 0.099999994 0.1 5329732.299980402 542.1363714125808 32696829.69821601 0.077143 0.5603701921993677 
SR-Stab -1 -1 0 -1 -1 -1 -1 2.0 0.099999994 0.1 5329729.343849421 542.3251579192337 32696842.744675208 0.077143 0.3743142932736598 
SR-Stab -1 -1 0 -1 -1 -1 -1 2.0 0.099999994 0.1 5329729.440826654 542.3432007220443 32696842.661602546 0.077143 0.34280645847320557 
SR-Stab -1 -1 0 -1 -1 -1 -1 2.0 0.099999994 0.1 5329731.359466791 562.6753005173858 32696893.763950426 0.077143 0.3415158987045288 
SR-Stab -1 -1 0 -1 -1 -1 -1 2.0 0.099999994 0.1 5329726.9917833805 542.258729973143 32696839.812134314 0.077143 0.3411019444465637 
SR-Stab -1 -1 0 -1 -1 -1 -1 2.0 0.099999994 0.1 5329731.802314997 542.1289499190506 32696836.39288764 0.077143 0.3262996971607208 
SR-Stab -1 -1 0 -1 -1 -1 -1 2.0 0.099999994 0.1 5329729.579941034 542.3557413008865 32696842.78709464 0.077143 0.3246305286884308 
SR-Stab -1 -1 0 -1 -1 -1 -1 2.0 0.099999994 0.1 5329729.591614008 542.3521513131317 32696842.996311713 0.077143 0.3181012272834778 
SR-Stab -1 -1 0 -1 -1 -1 -1 2.0 0.099999994 0.1 5329731.705673456 557.789905467337 32696877.46010642 0.077143 0.42533697436624474 
SR-Stab -1 -1 0 -1 -1 -1 -1 2.0 0.099999994 0.1 5329729.320610285 542.3196022895035 32696842.89624076 0.077143 0.30485254526138306 
SR-Stab -1 -1 0 -1 -1 -1 -1 2.0 0.099999994 0.1 5329727.026153803 542.2819383528885 32696839.995678473 0.077143 0.3026188015937805 
SR-Stab -1 -1 0 -1 -1 -1 -1 2.0 0.099999994 0.1 5329724.33409524 542.3498003867325 32696836.33435874 0.077143 0.2947360142523636 
SR-Stab -1 -1 0 -1 -1 -1 -1 2.0 0.099999994 0.1 5329722.506599665 558.3440550950226 32696890.07317691 0.077143 0.29175159335136414 
SR-Stab -1 -1 0 -1 -1 -1 -1 2.0 0.099999994 0.1 5329731.8807451725 542.1485298064407 32696836.078514624 0.077143 0.29082027172304764 
SR-Stab -1 -1 0 -1 -1 -1 -1 2.0 0.099999994 0.1 5329732.192505121 542.3408385899719 32696835.764439154 0.077143 0.369902104139328 
SR-Stab -1 -1 0 -1 -1 -1 -1 2.0 0.099999994 0.1 5329723.066990137 542.5556898501571 32696843.029236365 0.077143 0.28578516840934753 
SR-Stab -1 -1 0 -1 -1 -1 -1 2.0 0.099999994 0.1 5329731.345215082 547.7241422322448 32696827.847225714 0.077143 0.2726307809352875 
SR-Stab -1 -1 0 -1 -1 -1 -1 2.0 0.099999994 0.1 5329723.97295022 543.9615003851112 32696834.465549994 0.077143 0.26965048909187317 
SR-Stab -1 -1 0 -1 -1 -1 -1 2.0 0.099999994 0.1 5329722.660969019 544.1296363708433 32696834.6981359 0.077143 0.2643365263938904 
SR-Stab -1 -1 0 -1 -1 -1 -1 2.0 0.099999994 0.1 5329728.269428492 542.3873713401016 32696836.79510169 0.077143 0.2627648115158081 
SR-Stab -1 -1 0 -1 -1 -1 -1 2.0 0.099999994 0.1 5329732.020859003 542.1515696433243 32696836.359943915 0.077143 0.25301215052604675 

