SR-Stab -1 -1 0 -1 -1 -1 -1 2.0 0.099999994 0.1 5329682.203308344 544.059875169104 32696874.90314536 0.077143 3.582593983707523 
SR-Stab -1 -1 0 -1 -1 -1 -1 2.0 0.099999994 0.1 5329684.246475458 543.9815788206514 32696868.66854911 0.077143 3.9132904333193412 
SR-Stab -1 -1 0 -1 -1 -1 -1 2.0 0.099999994 0.1 5329678.445068598 544.3381535795387 32696877.830689 0.077143 5.034275788358763 
SR-Stab -1 -1 0 -1 -1 -1 -1 2.0 0.099999994 0.1 5329680.035324335 544.2690991845783 32696871.95191245 0.077143 4.751754678874183 
SR-Stab -1 -1 0 -1 -1 -1 -1 2.0 0.099999994 0.1 5329689.304174662 544.0774309125599 32696875.041554023 0.077143 5.498019336140538 
SR-Stab -1 -1 0 -1 -1 -1 -1 2.0 0.099999994 0.1 5329686.551635981 544.0946668025907 32696871.62375312 0.077143 6.189736063837051 
SR-Stab -1 -1 0 -1 -1 -1 -1 2.0 0.099999994 0.1 5329683.18218255 544.4632584241089 32696879.935398627 0.077143 2.9533952431438144 
SR-Stab -1 -1 0 -1 -1 -1 -1 2.0 0.099999994 0.1 5329686.478889704 544.0982503977474 32696877.277401496 0.077143 2.7076239751411393 
SR-Stab -1 -1 0 -1 -1 -1 -1 2.0 0.099999994 0.1 5329683.122743845 544.3194159057792 32696880.58357196 0.077143 3.299959316783325 
SR-Stab -1 -1 0 -1 -1 -1 -1 2.0 0.099999994 0.1 5329677.543503046 544.3324522760566 32696873.48009162 0.077143 2.8891569238087498 
SR-Stab -1 -1 0 -1 -1 -1 -1 2.0 0.099999994 0.1 5329679.002823114 543.8884813872036 32696871.552536536 0.077143 1.0251387824481564 
SR-Stab -1 -1 0 -1 -1 -1 -1 2.0 0.099999994 0.1 5329686.169553995 544.5386484053787 32696879.13139968 0.077143 1.3946155380914036 
SR-Stab -1 -1 0 -1 -1 -1 -1 2.0 0.099999994 0.1 5329684.280021906 543.6788874355015 32696868.832228232 0.077143 0.7916635274887085 
SR-Stab -1 -1 0 -1 -1 -1 -1 2.0 0.099999994 0.1 5329679.228426218 545.7383822587188 32696886.700820494 0.077143 2.233074849053497 
SR-Stab -1 -1 0 -1 -1 -1 -1 2.0 0.099999994 0.1 5329683.150167704 546.8112525132354 32696866.319458533 0.077143 1.5929191218785825 
SR-Stab -1 -1 0 -1 -1 -1 -1 2.0 0.099999994 0.1 5329683.304722071 543.936917775577 32696876.50543647 0.077143 0.7080526705328056 
SR-Stab -1 -1 0 -1 -1 -1 -1 2.0 0.099999994 0.1 5329678.341377497 543.9257795152124 32696877.703693915 0.077143 0.6488042333779694 
SR-Stab -1 -1 0 -1 -1 -1 -1 2.0 0.099999994 0.1 5329678.7389986515 545.8377625134643 32696886.396770526 0.077143 1.0220441966449854 
SR-Stab -1 -1 0 -1 -1 -1 -1 2.0 0.099999994 0.1 5329684.144878626 543.6481463995632 32696868.75403266 0.077143 0.7401853946483257 
SR-Stab -1 -1 0 -1 -1 -1 -1 2.0 0.099999994 0.1 5329680.092359781 543.7915933814701 32696872.059444953 0.077143 0.4763883054256439 
SR-Stab -1 -1 0 -1 -1 -1 -1 2.0 0.099999994 0.1 5329678.236744165 546.1618858960327 32696870.640904 0.077143 1.2675068536421754 
SR-Stab -1 -1 0 -1 -1 -1 -1 2.0 0.099999994 0.1 5329681.906244516 551.521751799887 32696847.81137519 0.077143 0.4590982496738434 
SR-Stab -1 -1 0 -1 -1 -1 -1 2.0 0.099999994 0.1 5329686.43247056 543.6601163831409 32696871.523914862 0.077143 0.6669570024496462 
SR-Stab -1 -1 0 -1 -1 -1 -1 2.0 0.099999994 0.1 5329689.414453745 543.6424884286579 32696875.06113677 0.077143 0.6345589692674223 
SR-Stab -1 -1 0 -1 -1 -1 -1 2.0 0.099999994 0.1 5329688.985708475 553.5061873582061 32696841.49942069 0.077143 0.4511599838733673 
SR-Stab -1 -1 0 -1 -1 -1 -1 2.0 0.099999994 0.1 5329686.128757715 545.7718344119247 32696864.278835822 0.077143 0.7696100711488094 
SR-Stab -1 -1 0 -1 -1 -1 -1 2.0 0.099999994 0.1 5329685.787000895 543.8158333984073 32696867.747526694 0.077143 0.5267302393913269 
SR-Stab -1 -1 0 -1 -1 -1 -1 2.0 0.099999994 0.1 5329682.184345484 545.3515504983123 32696884.318815757 0.077143 0.6496569130182863 
SR-Stab -1 -1 0 -1 -1 -1 -1 2.0 0.099999994 0.1 5329684.273552179 543.6826734033283 32696868.52295165 0.077143 0.44492143392562866 
SR-Stab -1 -1 0 -1 -1 -1 -1 2.0 0.099999994 0.1 5329683.288206339 543.8105183926281 32696880.02304225 0.077143 0.4433399438858032 
SR-Stab -1 -1 0 -1 -1 -1 -1 2.0 0.099999994 0.1 5329678.560490847 543.8924774017986 32696877.74024825 0.077143 0.4266621470451355 
SR-Stab -1 -1 0 -1 -1 -1 -1 2.0 0.099999994 0.1 5329686.490843058 543.6199327197727 32696871.79148345 0.077143 0.6242780643088628 
SR-Stab -1 -1 0 -1 -1 -1 -1 2.0 0.099999994 0.1 5329682.377910852 545.1427123931106 32696883.881060172 0.077143 0.6327990930613311 
SR-Stab -1 -1 0 -1 -1 -1 -1 2.0 0.099999994 0.1 5329683.022024393 544.5386044171509 32696880.5470634 0.077143 0.435687066441038 
SR-Stab -1 -1 0 -1 -1 -1 -1 2.0 0.099999994 0.1 5329678.671661615 545.9305664685425 32696886.770881224 0.077143 0.7041887937820531 
SR-Stab -1 -1 0 -1 -1 -1 -1 2.0 0.099999994 0.1 5329683.317852259 546.6708621171173 32696867.01854377 0.077143 1.5919132002151677 
SR-Stab -1 -1 0 -1 -1 -1 -1 2.0 0.099999994 0.1 5329677.116369486 543.8534434226211 32696874.560608435 0.077143 0.8096669111888067 
SR-Stab -1 -1 0 -1 -1 -1 -1 2.0 0.099999994 0.1 5329678.407515764 543.8977218952831 32696877.96005111 0.077143 0.39057978987693787 
SR-Stab -1 -1 0 -1 -1 -1 -1 2.0 0.099999994 0.1 5329690.215831995 545.8135793593582 32696889.690194655 0.077143 0.3879186809062958 
SR-Stab -1 -1 0 -1 -1 -1 -1 2.0 0.099999994 0.1 5329683.250829935 544.5394819167312 32696880.61854129 0.077143 0.6237121677760772 
SR-Stab -1 -1 0 -1 -1 -1 -1 2.0 0.099999994 0.1 5329689.169601679 543.6321044054683 32696875.022675086 0.077143 0.38374465703964233 
SR-Stab -1 -1 0 -1 -1 -1 -1 2.0 0.099999994 0.1 5329689.649841547 543.7815644231495 32696871.16977172 0.077143 0.38337913155555725 
SR-Stab -1 -1 0 -1 -1 -1 -1 2.0 0.099999994 0.1 5329686.129448175 545.7066612628158 32696864.38948493 0.077143 0.514114460456333 
SR-Stab -1 -1 0 -1 -1 -1 -1 2.0 0.099999994 0.1 5329685.754677057 543.8091734138187 32696867.858505774 0.077143 0.367972195148468 
SR-Stab -1 -1 0 -1 -1 -1 -1 2.0 0.099999994 0.1 5329679.090910196 545.5804454472717 32696886.317469645 0.077143 0.5966294536431641 
SR-Stab -1 -1 0 -1 -1 -1 -1 2.0 0.099999994 0.1 5329686.314853907 545.7471124318298 32696863.013519812 0.077143 0.5409634834028801 
SR-Stab -1 -1 0 -1 -1 -1 -1 2.0 0.099999994 0.1 5329680.646716356 544.0049249690827 32696881.879923392 0.077143 0.5214002413422706 
SR-Stab -1 -1 0 -1 -1 -1 -1 2.0 0.099999994 0.1 5329683.136554956 543.8267803874668 32696880.05864482 0.077143 0.35465577244758606 
SR-Stab -1 -1 0 -1 -1 -1 -1 2.0 0.099999994 0.1 5329684.1642344 543.6246177640613 32696868.576313544 0.077143 0.35478036045793454 
SR-Stab -1 -1 0 -1 -1 -1 -1 2.0 0.099999994 0.1 5329678.642181635 545.6903174307998 32696885.726337004 0.077143 0.35365089774131775 
SR-Stab -1 -1 0 -1 -1 -1 -1 2.0 0.099999994 0.1 5329688.786949396 544.5586854007896 32696876.97827773 0.077143 0.34270259737968445 
SR-Stab -1 -1 0 -1 -1 -1 -1 2.0 0.099999994 0.1 5329683.261596918 543.7925903883632 32696879.82627635 0.077143 0.3254718780517578 
SR-Stab -1 -1 0 -1 -1 -1 -1 2.0 0.099999994 0.1 5329680.553069353 544.055864461964 32696881.886770774 0.077143 0.324109822511673 
SR-Stab -1 -1 0 -1 -1 -1 -1 2.0 0.099999994 0.1 5329679.902448893 543.7877846744713 32696872.032490302 0.077143 0.3844163715839386 
SR-Stab -1 -1 0 -1 -1 -1 -1 2.0 0.099999994 0.1 5329681.301340342 543.9817304101642 32696876.111477423 0.077143 0.42739605078645587 
SR-Stab -1 -1 0 -1 -1 -1 -1 2.0 0.099999994 0.1 5329683.651369333 546.411930480307 32696866.455772925 0.077143 0.30566272139549255 
SR-Stab -1 -1 0 -1 -1 -1 -1 2.0 0.099999994 0.1 5329682.825184107 544.822275498217 32696884.445725966 0.077143 0.3031359314918518 
SR-Stab -1 -1 0 -1 -1 -1 -1 2.0 0.099999994 0.1 5329683.11458993 543.8265059080776 32696880.481520224 0.077143 0.29792168736457825 
SR-Stab -1 -1 0 -1 -1 -1 -1 2.0 0.099999994 0.1 5329685.0153467655 546.1654273656067 32696866.227556754 0.077143 0.2951850891113281 
SR-Stab -1 -1 0 -1 -1 -1 -1 2.0 0.099999994 0.1 5329680.2088902 543.7830542412456 32696872.006474067 0.077143 0.292565256357193 
SR-Stab -1 -1 0 -1 -1 -1 -1 2.0 0.099999994 0.1 5329686.5494349 543.5935968843158 32696871.474169303 0.077143 0.2887594699859619 
SR-Stab -1 -1 0 -1 -1 -1 -1 2.0 0.099999994 0.1 5329686.453176737 545.7445063975509 32696864.03885703 0.077143 0.287423700094223 
SR-Stab -1 -1 0 -1 -1 -1 -1 2.0 0.099999994 0.1 5329678.964733362 545.4304104235824 32696883.989304114 0.077143 0.2856311500072479 
SR-Stab -1 -1 0 -1 -1 -1 -1 2.0 0.099999994 0.1 5329677.501389742 544.529711463755 32696873.313601065 0.077143 0.2822892665863037 
SR-Stab -1 -1 0 -1 -1 -1 -1 2.0 0.099999994 0.1 5329683.020176172 543.852891900843 32696866.218182135 0.077143 0.2794889509677887 
SR-Stab -1 -1 0 -1 -1 -1 -1 2.0 0.099999994 0.1 5329686.898935556 543.8806744006332 32696873.654396582 0.077143 0.2685338854789734 
SR-Stab -1 -1 0 -1 -1 -1 -1 2.0 0.099999994 0.1 5329681.331997156 545.4168374922928 32696884.850682784 0.077143 0.2671984136104584 
SR-Stab -1 -1 0 -1 -1 -1 -1 2.0 0.099999994 0.1 5329683.037128687 543.8313943830188 32696879.940337706 0.077143 0.26354438066482544 
SR-Stab -1 -1 0 -1 -1 -1 -1 2.0 0.099999994 0.1 5329679.979587793 543.7926929083523 32696871.830515433 0.077143 0.2608483135700226 
SR-Stab -1 -1 0 -1 -1 -1 -1 2.0 0.099999994 0.1 5329681.273140192 544.0074150648769 32696881.701981116 0.077143 0.2607024908065796 
SR-Stab -1 -1 0 -1 -1 -1 -1 2.0 0.099999994 0.1 5329680.586074114 543.8845884588417 32696881.77344661 0.077143 0.25826191902160645 
SR-Stab -1 -1 0 -1 -1 -1 -1 2.0 0.099999994 0.1 5329680.078028917 543.784401902264 32696871.834702063 0.077143 0.25819796323776245 
SR-Stab -1 -1 0 -1 -1 -1 -1 2.0 0.099999994 0.1 5329688.892599344 544.854515471762 32696856.155697394 0.077143 0.2571091055870056 
SR-Stab -1 -1 0 -1 -1 -1 -1 2.0 0.099999994 0.1 5329687.391035318 543.8520354118999 32696873.25670867 0.077143 0.25486114621162415 
SR-Stab -1 -1 0 -1 -1 -1 -1 2.0 0.099999994 0.1 5329686.595756769 543.7492483940777 32696877.320250083 0.077143 0.25407877564430237 
SR-Stab -1 -1 0 -1 -1 -1 -1 2.0 0.099999994 0.1 5329681.771362543 545.7132624772247 32696884.119339515 0.077143 0.5075411796569824 
SR-Stab -1 -1 0 -1 -1 -1 -1 2.0 0.099999994 0.1 5329685.697933435 544.421161421841 32696879.49492507 0.077143 0.25291943550109863 
SR-Stab -1 -1 0 -1 -1 -1 -1 2.0 0.099999994 0.1 5329685.865673304 545.7511444476303 32696863.983065177 0.077143 0.2512456774711609 
SR-Stab -1 -1 0 -1 -1 -1 -1 2.0 0.099999994 0.1 5329686.364706278 543.7369210806545 32696877.309607077 0.077143 0.25000107288360596 

