SR-Stab -1 -1 0 -1 -1 -1 -1 2.0 0.099999994 0.1 5329675.199659586 544.1920979556497 32696875.912209082 0.077143 4.5435610823925865 
SR-Stab -1 -1 0 -1 -1 -1 -1 2.0 0.099999994 0.1 5329675.664100885 544.4704429295715 32696875.273752738 0.077143 5.3862402007225905 
SR-Stab -1 -1 0 -1 -1 -1 -1 2.0 0.099999994 0.1 5329669.958492041 544.7833654668983 32696880.231341887 0.077143 4.413611965194166 
SR-Stab -1 -1 0 -1 -1 -1 -1 2.0 0.099999994 0.1 5329672.561213732 544.1533904460128 32696878.147213507 0.077143 3.0137566067547192 
SR-Stab -1 -1 0 -1 -1 -1 -1 2.0 0.099999994 0.1 5329666.651707292 544.5468154338058 32696882.90333228 0.077143 2.238892379582928 
SR-Stab -1 -1 0 -1 -1 -1 -1 2.0 0.099999994 0.1 5329661.656768799 544.8612920430359 32696886.44258647 0.077143 1.4006300105729055 
SR-Stab -1 -1 0 -1 -1 -1 -1 2.0 0.099999994 0.1 5329669.798346758 544.4124854591545 32696880.204306174 0.077143 1.6894459233641597 
SR-Stab -1 -1 0 -1 -1 -1 -1 2.0 0.099999994 0.1 5329675.17331624 543.9575762835201 32696876.68149619 0.077143 1.0990352863061612 
SR-Stab -1 -1 0 -1 -1 -1 -1 2.0 0.099999994 0.1 5329670.082746744 544.2905114677604 32696880.095868636 0.077143 1.5155699192495584 
SR-Stab -1 -1 0 -1 -1 -1 -1 2.0 0.099999994 0.1 5329671.931195021 544.2423494544681 32696878.988832045 0.077143 1.2804137750592832 
SR-Stab -1 -1 0 -1 -1 -1 -1 2.0 0.099999994 0.1 5329670.857416868 544.5648937609848 32696878.615994025 0.077143 1.852216874564158 
SR-Stab -1 -1 0 -1 -1 -1 -1 2.0 0.099999994 0.1 5329672.57913661 544.1276224640068 32696878.30311923 0.077143 0.6964030599548212 
SR-Stab -1 -1 0 -1 -1 -1 -1 2.0 0.099999994 0.1 5329668.470379114 544.3215224531349 32696880.484701682 0.077143 1.329772064387566 
SR-Stab -1 -1 0 -1 -1 -1 -1 2.0 0.099999994 0.1 5329668.247178078 544.4161984708961 32696880.77056365 0.077143 2.1671795592038894 
SR-Stab -1 -1 0 -1 -1 -1 -1 2.0 0.099999994 0.1 5329675.302358866 544.0037714627441 32696876.69561057 0.077143 1.0848441110090576 
SR-Stab -1 -1 0 -1 -1 -1 -1 2.0 0.099999994 0.1 5329669.435631037 544.6863044884857 32696879.685519744 0.077143 2.905263351555506 
SR-Stab -1 -1 0 -1 -1 -1 -1 2.0 0.099999994 0.1 5329665.704703212 544.6045205381569 32696883.725833464 0.077143 1.441338058470377 
SR-Stab -1 -1 0 -1 -1 -1 -1 2.0 0.099999994 0.1 5329662.29207778 545.0486073878463 32696885.64946227 0.077143 1.440907978989642 
SR-Stab -1 -1 0 -1 -1 -1 -1 2.0 0.099999994 0.1 5329669.335401773 545.5581493762191 32696877.59534507 0.077143 0.5252879858016968 
SR-Stab -1 -1 0 -1 -1 -1 -1 2.0 0.099999994 0.1 5329670.845734835 544.3909664538559 32696878.519560385 0.077143 0.5265390333473258 
SR-Stab -1 -1 0 -1 -1 -1 -1 2.0 0.099999994 0.1 5329671.395797968 544.153649949735 32696879.14421134 0.077143 1.0785991900120593 
SR-Stab -1 -1 0 -1 -1 -1 -1 2.0 0.099999994 0.1 5329670.73513484 544.2449794498142 32696879.572290946 0.077143 0.9363037252199864 
SR-Stab -1 -1 0 -1 -1 -1 -1 2.0 0.099999994 0.1 5329661.675858974 544.766786434954 32696886.586782027 0.077143 0.8662682537724515 
SR-Stab -1 -1 0 -1 -1 -1 -1 2.0 0.099999994 0.1 5329669.535262346 544.633035459822 32696879.54165988 0.077143 0.4968631863594055 
SR-Stab -1 -1 0 -1 -1 -1 -1 2.0 0.099999994 0.1 5329666.788541555 544.3059064534363 32696882.78554206 0.077143 0.94367470667686 
SR-Stab -1 -1 0 -1 -1 -1 -1 2.0 0.099999994 0.1 5329663.899621904 545.2191074279007 32696883.69721656 0.077143 0.6736851973644328 
SR-Stab -1 -1 0 -1 -1 -1 -1 2.0 0.099999994 0.1 5329666.598621011 544.4972039845642 32696882.691786338 0.077143 0.8061697566294566 
SR-Stab -1 -1 0 -1 -1 -1 -1 2.0 0.099999994 0.1 5329675.195241213 543.9857654658016 32696876.542580176 0.077143 0.48705077171325684 
SR-Stab -1 -1 0 -1 -1 -1 -1 2.0 0.099999994 0.1 5329669.571432829 544.499032476252 32696879.681711722 0.077143 0.47827014327049255 
SR-Stab -1 -1 0 -1 -1 -1 -1 2.0 0.099999994 0.1 5329671.894767046 544.1388114628252 32696878.889812995 0.077143 0.47966681928915195 
SR-Stab -1 -1 0 -1 -1 -1 -1 2.0 0.099999994 0.1 5329661.0989151 545.0986919787582 32696886.751543093 0.077143 0.7151606957711604 
SR-Stab -1 -1 0 -1 -1 -1 -1 2.0 0.099999994 0.1 5329664.390691996 545.1760654833969 32696884.07701545 0.077143 0.8692573962085676 
SR-Stab -1 -1 0 -1 -1 -1 -1 2.0 0.099999994 0.1 5329676.073110819 544.0695664671119 32696877.595751334 0.077143 1.1408307431634985 
SR-Stab -1 -1 0 -1 -1 -1 -1 2.0 0.099999994 0.1 5329665.790254593 544.4163209584411 32696883.566388655 0.077143 1.006490958253994 
SR-Stab -1 -1 0 -1 -1 -1 -1 2.0 0.099999994 0.1 5329672.686430216 544.0868882027324 32696878.82525115 0.077143 1.1298233818733574 
SR-Stab -1 -1 0 -1 -1 -1 -1 2.0 0.099999994 0.1 5329670.311745882 545.8970100072082 32696876.677336264 0.077143 0.7130092908217267 
SR-Stab -1 -1 0 -1 -1 -1 -1 2.0 0.099999994 0.1 5329672.374096632 544.219961443251 32696882.342550803 0.077143 0.43902522325515747 
SR-Stab -1 -1 0 -1 -1 -1 -1 2.0 0.099999994 0.1 5329672.066527128 544.1753522542175 32696878.53052001 0.077143 0.924066361991668 
SR-Stab -1 -1 0 -1 -1 -1 -1 2.0 0.099999994 0.1 5329675.144494295 543.9218670514282 32696876.81159072 0.077143 0.428206205368042 
SR-Stab -1 -1 0 -1 -1 -1 -1 2.0 0.099999994 0.1 5329671.702975988 544.3737764445003 32696877.670622397 0.077143 0.4268147647380829 
SR-Stab -1 -1 0 -1 -1 -1 -1 2.0 0.099999994 0.1 5329671.180002928 544.3901534465011 32696878.460794974 0.077143 0.4226357340812683 
SR-Stab -1 -1 0 -1 -1 -1 -1 2.0 0.099999994 0.1 5329668.684917688 545.8236973670181 32696877.59984069 0.077143 0.8170215930110495 
SR-Stab -1 -1 0 -1 -1 -1 -1 2.0 0.099999994 0.1 5329669.35801816 544.6134509232696 32696879.582155753 0.077143 0.4170199915270333 
SR-Stab -1 -1 0 -1 -1 -1 -1 2.0 0.099999994 0.1 5329674.1127922535 544.2266404417213 32696880.956915427 0.077143 0.4150364398956299 
SR-Stab -1 -1 0 -1 -1 -1 -1 2.0 0.099999994 0.1 5329674.235325098 544.0681664657649 32696878.770896483 0.077143 0.8573298331719813 
SR-Stab -1 -1 0 -1 -1 -1 -1 2.0 0.099999994 0.1 5329672.551414728 544.0727824580725 32696879.686874915 0.077143 0.6302411484558597 
SR-Stab -1 -1 0 -1 -1 -1 -1 2.0 0.099999994 0.1 5329666.702247143 544.6292262461837 32696881.97273116 0.077143 0.7197621134710818 
SR-Stab -1 -1 0 -1 -1 -1 -1 2.0 0.099999994 0.1 5329664.410131276 545.149645247763 32696883.467930365 0.077143 0.538605946477253 
SR-Stab -1 -1 0 -1 -1 -1 -1 2.0 0.099999994 0.1 5329666.859880209 544.2589794483837 32696882.735335875 0.077143 0.4044272797994889 
SR-Stab -1 -1 0 -1 -1 -1 -1 2.0 0.099999994 0.1 5329671.118157625 544.2455694463905 32696879.498729277 0.077143 0.6585473110439364 
SR-Stab -1 -1 0 -1 -1 -1 -1 2.0 0.099999994 0.1 5329675.362668276 543.9645954456981 32696876.60102134 0.077143 0.5079270601272583 
SR-Stab -1 -1 0 -1 -1 -1 -1 2.0 0.099999994 0.1 5329671.921950102 544.4739544776138 32696877.85911422 0.077143 0.39516761898994446 
SR-Stab -1 -1 0 -1 -1 -1 -1 2.0 0.099999994 0.1 5329672.431998014 544.1184499499258 32696878.26427989 0.077143 0.47308578262978873 
SR-Stab -1 -1 0 -1 -1 -1 -1 2.0 0.099999994 0.1 5329667.566563845 545.9455159094986 32696879.345959235 0.077143 0.39126351475715637 
SR-Stab -1 -1 0 -1 -1 -1 -1 2.0 0.099999994 0.1 5329669.45724988 545.5934523728546 32696864.314703513 0.077143 0.3907662630081177 
SR-Stab -1 -1 0 -1 -1 -1 -1 2.0 0.099999994 0.1 5329670.548084497 545.5315150407013 32696877.986973334 0.077143 0.8691579928232073 
SR-Stab -1 -1 0 -1 -1 -1 -1 2.0 0.099999994 0.1 5329672.680600405 544.1597469535526 32696878.92666774 0.077143 0.7537897699426275 
SR-Stab -1 -1 0 -1 -1 -1 -1 2.0 0.099999994 0.1 5329671.172490835 544.2089834746774 32696879.64059024 0.077143 0.5195148735373324 
SR-Stab -1 -1 0 -1 -1 -1 -1 2.0 0.099999994 0.1 5329670.698845148 545.8360449460205 32696876.843687583 0.077143 0.9460671409073712 
SR-Stab -1 -1 0 -1 -1 -1 -1 2.0 0.099999994 0.1 5329674.586067438 544.4815729048904 32696875.019184638 0.077143 0.3761097192764282 
SR-Stab -1 -1 0 -1 -1 -1 -1 2.0 0.099999994 0.1 5329671.297439814 544.5007481959518 32696878.114851523 0.077143 0.6118883472217721 
SR-Stab -1 -1 0 -1 -1 -1 -1 2.0 0.099999994 0.1 5329659.418146372 545.1891874459442 32696886.381178904 0.077143 0.913734904226254 
SR-Stab -1 -1 0 -1 -1 -1 -1 2.0 0.099999994 0.1 5329669.854571581 544.2651294556316 32696880.36462264 0.077143 0.4812087832425667 
SR-Stab -1 -1 0 -1 -1 -1 -1 2.0 0.099999994 0.1 5329666.138213515 544.5316784766372 32696882.25062709 0.077143 0.3716442584991455 
SR-Stab -1 -1 0 -1 -1 -1 -1 2.0 0.099999994 0.1 5329666.522480726 544.3890056994613 32696882.682861853 0.077143 0.46153544922724304 
SR-Stab -1 -1 0 -1 -1 -1 -1 2.0 0.099999994 0.1 5329672.445147276 544.2399425891098 32696879.680019904 0.077143 0.36764911285627816 
SR-Stab -1 -1 0 -1 -1 -1 -1 2.0 0.099999994 0.1 5329675.925586939 543.8435754266437 32696875.19741874 0.077143 0.3611440062522888 
SR-Stab -1 -1 0 -1 -1 -1 -1 2.0 0.099999994 0.1 5329666.465252042 544.4575904396232 32696882.03310542 0.077143 0.36034873127937317 
SR-Stab -1 -1 0 -1 -1 -1 -1 2.0 0.099999994 0.1 5329664.625695981 544.8849504378494 32696883.90538745 0.077143 0.5191737413406372 
SR-Stab -1 -1 0 -1 -1 -1 -1 2.0 0.099999994 0.1 5329664.143726051 544.7904014375862 32696884.090385962 0.077143 0.35090771317481995 
SR-Stab -1 -1 0 -1 -1 -1 -1 2.0 0.099999994 0.1 5329670.228526831 544.1898941186126 32696880.203551818 0.077143 0.343593031167984 
SR-Stab -1 -1 0 -1 -1 -1 -1 2.0 0.099999994 0.1 5329670.131599665 544.1869024571832 32696880.228618193 0.077143 0.34354737401008606 
SR-Stab -1 -1 0 -1 -1 -1 -1 2.0 0.099999994 0.1 5329670.497410059 544.485719003981 32696878.882418204 0.077143 0.5097835340045981 
SR-Stab -1 -1 0 -1 -1 -1 -1 2.0 0.099999994 0.1 5329662.952768564 544.4515439656433 32696886.17494445 0.077143 0.45928141474723816 
SR-Stab -1 -1 0 -1 -1 -1 -1 2.0 0.099999994 0.1 5329665.176675856 545.1144464400467 32696883.380578566 0.077143 0.33879777789115906 
SR-Stab -1 -1 0 -1 -1 -1 -1 2.0 0.099999994 0.1 5329673.552717447 544.6961354401764 32696875.805141974 0.077143 0.45022065012591017 
SR-Stab -1 -1 0 -1 -1 -1 -1 2.0 0.099999994 0.1 5329670.686745882 544.3861364510711 32696878.658911277 0.077143 0.3363644480705261 
SR-Stab -1 -1 0 -1 -1 -1 -1 2.0 0.099999994 0.1 5329665.158563465 544.3316839721855 32696884.16492896 0.077143 0.3354932963848114 
SR-Stab -1 -1 0 -1 -1 -1 -1 2.0 0.099999994 0.1 5329661.640275717 544.9071444657501 32696886.34631877 0.077143 0.3360119627915245 
SR-Stab -1 -1 0 -1 -1 -1 -1 2.0 0.099999994 0.1 5329672.953405619 544.1674004581627 32696883.862999488 0.077143 0.333866149187088 
SR-Stab -1 -1 0 -1 -1 -1 -1 2.0 0.099999994 0.1 5329667.979089022 544.2961509612259 32696882.354023505 0.077143 0.707936194600479 
SR-Stab -1 -1 0 -1 -1 -1 -1 2.0 0.099999994 0.1 5329672.660362482 544.0041177061256 32696878.391440917 0.077143 0.33234089612960815 
SR-Stab -1 -1 0 -1 -1 -1 -1 2.0 0.099999994 0.1 5329675.098761797 543.9812944617923 32696875.911043692 0.077143 0.32771536707878113 
SR-Stab -1 -1 0 -1 -1 -1 -1 2.0 0.099999994 0.1 5329671.293495417 544.4996627953705 32696878.399401236 0.077143 0.3261876106262207 
SR-Stab -1 -1 0 -1 -1 -1 -1 2.0 0.099999994 0.1 5329669.221120119 544.1186124619898 32696881.39214759 0.077143 0.32360342144966125 
SR-Stab -1 -1 0 -1 -1 -1 -1 2.0 0.099999994 0.1 5329675.229471445 543.5969064024147 32696874.66649108 0.077143 0.539378709713361 
SR-Stab -1 -1 0 -1 -1 -1 -1 2.0 0.099999994 0.1 5329676.1312458515 554.724288859671 32696857.300255347 0.077143 0.3170981705188751 
SR-Stab -1 -1 0 -1 -1 -1 -1 2.0 0.099999994 0.1 5329671.917562723 544.0061474528965 32696879.11740737 0.077143 0.3112473487854004 
SR-Stab -1 -1 0 -1 -1 -1 -1 2.0 0.099999994 0.1 5329675.218715906 543.9733889487442 32696876.068867255 0.077143 0.5559465518018464 
SR-Stab -1 -1 0 -1 -1 -1 -1 2.0 0.099999994 0.1 5329669.876772165 544.1156929519829 32696880.466377784 0.077143 0.3059418797492981 
SR-Stab -1 -1 0 -1 -1 -1 -1 2.0 0.099999994 0.1 5329665.66123569 544.4255473402199 32696884.09100585 0.077143 0.5464809450512643 
SR-Stab -1 -1 0 -1 -1 -1 -1 2.0 0.099999994 0.1 5329666.987243652 545.7450313952621 32696878.844456244 0.077143 0.2996448576450348 
SR-Stab -1 -1 0 -1 -1 -1 -1 2.0 0.099999994 0.1 5329676.007726908 543.8523863938507 32696875.374664832 0.077143 0.4330015182495117 
SR-Stab -1 -1 0 -1 -1 -1 -1 2.0 0.099999994 0.1 5329674.199097872 543.975656458443 32696878.857864905 0.077143 0.29162395000457764 
SR-Stab -1 -1 0 -1 -1 -1 -1 2.0 0.099999994 0.1 5329671.3538200855 544.0392109540161 32696879.270027686 0.077143 0.2909446656703949 
SR-Stab -1 -1 0 -1 -1 -1 -1 2.0 0.099999994 0.1 5329674.615843058 543.9978332009968 32696875.320782233 0.077143 0.44472883999041984 
SR-Stab -1 -1 0 -1 -1 -1 -1 2.0 0.099999994 0.1 5329674.334680796 544.2641924408134 32696875.474361945 0.077143 0.2875196635723114 
SR-Stab -1 -1 0 -1 -1 -1 -1 2.0 0.099999994 0.1 5329676.05926919 544.0471014466938 32696877.732822943 0.077143 0.2851824462413788 
SR-Stab -1 -1 0 -1 -1 -1 -1 2.0 0.099999994 0.1 5329670.782275915 544.4060764399227 32696879.686034728 0.077143 0.28507480025291443 
SR-Stab -1 -1 0 -1 -1 -1 -1 2.0 0.099999994 0.1 5329675.868368387 543.9159454193767 32696875.552460242 0.077143 0.28433480858802795 
SR-Stab -1 -1 0 -1 -1 -1 -1 2.0 0.099999994 0.1 5329666.694330454 544.6106664326843 32696881.87506442 0.077143 0.2829604245701616 
SR-Stab -1 -1 0 -1 -1 -1 -1 2.0 0.099999994 0.1 5329676.639312029 544.1290074524339 32696878.89764266 0.077143 0.2815907597541809 
SR-Stab -1 -1 0 -1 -1 -1 -1 2.0 0.099999994 0.1 5329666.720371008 544.4410364416298 32696882.673503447 0.077143 0.4440892393481976 
SR-Stab -1 -1 0 -1 -1 -1 -1 2.0 0.099999994 0.1 5329672.24883914 544.206992962664 32696879.28579383 0.077143 0.42762818669802305 
SR-Stab -1 -1 0 -1 -1 -1 -1 2.0 0.099999994 0.1 5329670.224157572 552.2525710251983 32696824.118748236 0.077143 0.2684080898761749 
SR-Stab -1 -1 0 -1 -1 -1 -1 2.0 0.099999994 0.1 5329671.395305872 544.2377524760421 32696878.02223449 0.077143 0.2681632936000824 
SR-Stab -1 -1 0 -1 -1 -1 -1 2.0 0.099999994 0.1 5329666.017844915 544.3815006998237 32696883.657820273 0.077143 0.33086757709042086 
SR-Stab -1 -1 0 -1 -1 -1 -1 2.0 0.099999994 0.1 5329668.082589388 544.2945764449295 32696880.86282115 0.077143 0.26484400033950806 
SR-Stab -1 -1 0 -1 -1 -1 -1 2.0 0.099999994 0.1 5329670.244870901 550.5624927666839 32696858.80937629 0.077143 0.2647273540496826 
SR-Stab -1 -1 0 -1 -1 -1 -1 2.0 0.099999994 0.1 5329671.737092733 544.4815109756645 32696877.56680732 0.077143 0.26424580812454224 
SR-Stab -1 -1 0 -1 -1 -1 -1 2.0 0.099999994 0.1 5329675.862234354 543.8753567424473 32696875.29872184 0.077143 0.2621983587741852 
SR-Stab -1 -1 0 -1 -1 -1 -1 2.0 0.099999994 0.1 5329666.072999954 544.5034274247345 32696883.713473845 0.077143 0.2595472037792206 
SR-Stab -1 -1 0 -1 -1 -1 -1 2.0 0.099999994 0.1 5329665.287827969 544.4343034413513 32696884.126788665 0.077143 0.25875625014305115 
SR-Stab -1 -1 0 -1 -1 -1 -1 2.0 0.099999994 0.1 5329675.144273996 543.985193469828 32696875.7741838 0.077143 0.25803351402282715 
SR-Stab -1 -1 0 -1 -1 -1 -1 2.0 0.099999994 0.1 5329669.151185274 544.3343394485172 32696886.85412364 0.077143 0.25739872455596924 
SR-Stab -1 -1 0 -1 -1 -1 -1 2.0 0.099999994 0.1 5329670.386880636 544.4376084592994 32696879.012624312 0.077143 0.2554037868976593 
SR-Stab -1 -1 0 -1 -1 -1 -1 2.0 0.099999994 0.1 5329677.064687967 552.52166739971 32696854.255383063 0.077143 0.25227582454681396 
SR-Stab -1 -1 0 -1 -1 -1 -1 2.0 0.099999994 0.1 5329661.341392279 544.7302767422851 32696886.369257975 0.077143 0.2510731816291809 
SR-Stab -1 -1 0 -1 -1 -1 -1 2.0 0.099999994 0.1 5329672.088802099 544.0212684658226 32696879.187809516 0.077143 0.2504352033138275 

