SR-Stab -1 -1 0 -1 -1 -1 -1 2.0 0.099999994 0.1 5330794.300310452 529.7044504947182 32696964.451156728 0.077143 6.493801331843717 
SR-Stab -1 -1 0 -1 -1 -1 -1 2.0 0.099999994 0.1 5330795.807207424 529.754224843454 32696968.463638417 0.077143 4.283309231818145 
SR-Stab -1 -1 0 -1 -1 -1 -1 2.0 0.099999994 0.1 5330795.491892178 529.9147595233437 32696962.975972287 0.077143 2.8969642465494596 
SR-Stab -1 -1 0 -1 -1 -1 -1 2.0 0.099999994 0.1 5330795.891489346 529.3776568836686 32696968.39029848 0.077143 0.8451873064041138 
SR-Stab -1 -1 0 -1 -1 -1 -1 2.0 0.099999994 0.1 5330795.240658123 529.9271448916909 32696969.33963024 0.077143 2.463384312319238 
SR-Stab -1 -1 0 -1 -1 -1 -1 2.0 0.099999994 0.1 5330795.570768673 529.8223304218766 32696963.363490216 0.077143 0.6628443410473629 
SR-Stab -1 -1 0 -1 -1 -1 -1 2.0 0.099999994 0.1 5330794.090448696 530.0407092041489 32696969.057096593 0.077143 1.546050572308212 
SR-Stab -1 -1 0 -1 -1 -1 -1 2.0 0.099999994 0.1 5330795.34726556 529.6385973758217 32696969.208404653 0.077143 0.5500636475351908 
SR-Stab -1 -1 0 -1 -1 -1 -1 2.0 0.099999994 0.1 5330795.696054775 529.3766958779809 32696968.50364553 0.077143 0.3951455056667328 
SR-Stab -1 -1 0 -1 -1 -1 -1 2.0 0.099999994 0.1 5330795.804827053 529.372781879377 32696968.301908605 0.077143 0.5615011265580344 
SR-Stab -1 -1 0 -1 -1 -1 -1 2.0 0.099999994 0.1 5330795.948526699 529.334264881086 32696968.568766706 0.077143 0.3696354925632477 
SR-Stab -1 -1 0 -1 -1 -1 -1 2.0 0.099999994 0.1 5330795.436674435 529.6488853759286 32696969.300698392 0.077143 0.3982343375682831 
SR-Stab -1 -1 0 -1 -1 -1 -1 2.0 0.099999994 0.1 5330795.308878262 529.8719596333024 32696963.34561955 0.077143 0.3091024160385132 
SR-Stab -1 -1 0 -1 -1 -1 -1 2.0 0.099999994 0.1 5330797.3293937035 529.590863890123 32696963.487976663 0.077143 0.3028677701950073 
SR-Stab -1 -1 0 -1 -1 -1 -1 2.0 0.099999994 0.1 5330795.354822475 529.6042118734833 32696969.27402889 0.077143 0.275986293689422 

