SR-Stab -1 -1 0 -1 -1 -1 -1 2.0 0.099999994 0.1 5330679.64440372 529.9301502151451 32696942.38945756 0.077143 4.576066685728465 
SR-Stab -1 -1 0 -1 -1 -1 -1 2.0 0.099999994 0.1 5330685.01377132 529.9329472227058 32696943.81441102 0.077143 4.755494227506838 
SR-Stab -1 -1 0 -1 -1 -1 -1 2.0 0.099999994 0.1 5330685.1551115755 530.0517382068596 32696943.015524723 0.077143 5.095469087639718 
SR-Stab -1 -1 0 -1 -1 -1 -1 2.0 0.099999994 0.1 5330679.781048084 530.0978249354324 32696941.618368007 0.077143 5.120666213634788 
SR-Stab -1 -1 0 -1 -1 -1 -1 2.0 0.099999994 0.1 5330678.2529347185 529.83881563377 32696936.061099865 0.077143 2.928185606532716 
SR-Stab -1 -1 0 -1 -1 -1 -1 2.0 0.099999994 0.1 5330679.878873134 529.6338895006141 32696941.550460674 0.077143 0.6864792704582214 
SR-Stab -1 -1 0 -1 -1 -1 -1 2.0 0.099999994 0.1 5330678.653649593 530.84580928516 32696936.85825906 0.077143 0.8889932705694625 
SR-Stab -1 -1 0 -1 -1 -1 -1 2.0 0.099999994 0.1 5330681.052659297 530.8116940898857 32696937.49646411 0.077143 1.0668059705953243 
SR-Stab -1 -1 0 -1 -1 -1 -1 2.0 0.099999994 0.1 5330679.913522983 529.6679149312935 32696941.69221864 0.077143 0.5043209791183472 
SR-Stab -1 -1 0 -1 -1 -1 -1 2.0 0.099999994 0.1 5330678.375559116 529.60702717733 32696936.148898937 0.077143 0.46233808994293213 
SR-Stab -1 -1 0 -1 -1 -1 -1 2.0 0.099999994 0.1 5330679.733392978 529.6248256607017 32696941.491137363 0.077143 0.4543742835521698 
SR-Stab -1 -1 0 -1 -1 -1 -1 2.0 0.099999994 0.1 5330678.283616329 529.6250381810627 32696936.23223529 0.077143 0.4155595600605011 
SR-Stab -1 -1 0 -1 -1 -1 -1 2.0 0.099999994 0.1 5330683.500370288 530.8693941278419 32696938.137412883 0.077143 0.41370221972465515 
SR-Stab -1 -1 0 -1 -1 -1 -1 2.0 0.099999994 0.1 5330685.937456394 530.7671451015434 32696938.758797504 0.077143 0.3977794647216797 
SR-Stab -1 -1 0 -1 -1 -1 -1 2.0 0.099999994 0.1 5330679.516671443 529.6333831889591 32696942.41509614 0.077143 0.3939406453118926 
SR-Stab -1 -1 0 -1 -1 -1 -1 2.0 0.099999994 0.1 5330678.92460754 529.9648669404945 32696941.856420375 0.077143 0.6041927812218062 
SR-Stab -1 -1 0 -1 -1 -1 -1 2.0 0.099999994 0.1 5330679.727662349 529.6585812015495 32696942.28887544 0.077143 0.38314008712768555 
SR-Stab -1 -1 0 -1 -1 -1 -1 2.0 0.099999994 0.1 5330678.335474277 529.5893916828594 32696935.94204793 0.077143 0.48648114025896566 
SR-Stab -1 -1 0 -1 -1 -1 -1 2.0 0.099999994 0.1 5330679.7861349825 529.6339701755008 32696942.427080013 0.077143 0.34055811166763306 
SR-Stab -1 -1 0 -1 -1 -1 -1 2.0 0.099999994 0.1 5330679.568398738 529.6582741780243 32696942.254506923 0.077143 0.3242936432361603 
SR-Stab -1 -1 0 -1 -1 -1 -1 2.0 0.099999994 0.1 5330686.222608829 529.7084596795997 32696940.067602016 0.077143 0.31283140182495117 
SR-Stab -1 -1 0 -1 -1 -1 -1 2.0 0.099999994 0.1 5330683.759344364 529.8861677093468 32696943.11259065 0.077143 0.28734830021858215 
SR-Stab -1 -1 0 -1 -1 -1 -1 2.0 0.099999994 0.1 5330685.268957401 529.6107204599342 32696942.91340623 0.077143 0.35692858695983887 
SR-Stab -1 -1 0 -1 -1 -1 -1 2.0 0.099999994 0.1 5330681.34816196 529.911268178936 32696942.50262151 0.077143 0.2819117605686188 
SR-Stab -1 -1 0 -1 -1 -1 -1 2.0 0.099999994 0.1 5330678.156312251 529.6349816663227 32696936.211663105 0.077143 0.27856290340423584 
SR-Stab -1 -1 0 -1 -1 -1 -1 2.0 0.099999994 0.1 5330686.2367651705 529.8923296971283 32696943.747867443 0.077143 0.3820117820001818 
SR-Stab -1 -1 0 -1 -1 -1 -1 2.0 0.099999994 0.1 5330686.764528537 529.9316197080574 32696939.416817524 0.077143 0.45922182754728613 
SR-Stab -1 -1 0 -1 -1 -1 -1 2.0 0.099999994 0.1 5330684.888788486 529.5880181832275 32696943.859215595 0.077143 0.267197847366333 
SR-Stab -1 -1 0 -1 -1 -1 -1 2.0 0.099999994 0.1 5330685.141668582 529.5831484241447 32696942.86133752 0.077143 0.25394874811172485 
SR-Stab -1 -1 0 -1 -1 -1 -1 2.0 0.099999994 0.1 5330686.878740573 529.9622668666801 32696939.44707284 0.077143 0.2521490454673767 

