SR-Stab -1 -1 0 -1 -1 -1 -1 2.0 0.099999994 0.1 5330764.63250108 529.7467226770826 32696961.78792363 0.077143 5.1378521211286134 
SR-Stab -1 -1 0 -1 -1 -1 -1 2.0 0.099999994 0.1 5330771.254475786 529.802889564366 32696963.153138693 0.077143 3.312175650135118 
SR-Stab -1 -1 0 -1 -1 -1 -1 2.0 0.099999994 0.1 5330771.359032824 529.7146835115858 32696958.119578537 0.077143 3.416765912017766 
SR-Stab -1 -1 0 -1 -1 -1 -1 2.0 0.099999994 0.1 5330771.270010187 529.4807014850088 32696958.035532173 0.077143 0.6899478435516357 
SR-Stab -1 -1 0 -1 -1 -1 -1 2.0 0.099999994 0.1 5330771.400087549 529.4792445090719 32696957.99695545 0.077143 0.5278083086013794 
SR-Stab -1 -1 0 -1 -1 -1 -1 2.0 0.099999994 0.1 5330771.203235819 529.414017000527 32696963.28649288 0.077143 0.750091665530813 
SR-Stab -1 -1 0 -1 -1 -1 -1 2.0 0.099999994 0.1 5330763.906510307 530.7907053020903 32696957.20359355 0.077143 0.9209859823764623 
SR-Stab -1 -1 0 -1 -1 -1 -1 2.0 0.099999994 0.1 5330768.764749243 530.6811357525297 32696958.255511817 0.077143 1.1926350240492654 
SR-Stab -1 -1 0 -1 -1 -1 -1 2.0 0.099999994 0.1 5330771.293619349 529.4919935253569 32696958.26196855 0.077143 0.6468115021059662 
SR-Stab -1 -1 0 -1 -1 -1 -1 2.0 0.099999994 0.1 5330771.194283678 529.3853384939142 32696963.04972058 0.077143 0.45308616757392883 
SR-Stab -1 -1 0 -1 -1 -1 -1 2.0 0.099999994 0.1 5330771.338339045 529.4348332670637 32696963.00728899 0.077143 0.5879602106665868 
SR-Stab -1 -1 0 -1 -1 -1 -1 2.0 0.099999994 0.1 5330771.086591913 529.417965033383 32696963.16859823 0.077143 0.5941883036324463 
SR-Stab -1 -1 0 -1 -1 -1 -1 2.0 0.099999994 0.1 5330764.620053007 529.460324862332 32696961.672773656 0.077143 0.4048963901274565 
SR-Stab -1 -1 0 -1 -1 -1 -1 2.0 0.099999994 0.1 5330771.3903286 529.3936990288206 32696963.159908112 0.077143 0.5320006287732121 
SR-Stab -1 -1 0 -1 -1 -1 -1 2.0 0.099999994 0.1 5330766.306001141 530.6250715044447 32696957.720942434 0.077143 0.794129846443746 
SR-Stab -1 -1 0 -1 -1 -1 -1 2.0 0.099999994 0.1 5330764.540419891 529.4623761561819 32696961.912293013 0.077143 0.30899810791015625 
SR-Stab -1 -1 0 -1 -1 -1 -1 2.0 0.099999994 0.1 5330764.491579249 529.4163701919027 32696961.75924998 0.077143 0.2748193949152154 

