SR-Stab -1 -1 0 -1 -1 -1 -1 2.0 0.099999994 0.1 5330783.216608364 529.6161965198037 32696965.666097753 0.077143 6.899565774914253 
SR-Stab -1 -1 0 -1 -1 -1 -1 2.0 0.099999994 0.1 5330783.404958088 530.1479055351731 32696960.577372663 0.077143 3.5937804345628 
SR-Stab -1 -1 0 -1 -1 -1 -1 2.0 0.099999994 0.1 5330783.840691883 530.0215664572236 32696962.474529736 0.077143 5.1556286950096615 
SR-Stab -1 -1 0 -1 -1 -1 -1 2.0 0.099999994 0.1 5330783.22069009 529.421968496513 32696965.540153615 0.077143 0.6062445044517517 
SR-Stab -1 -1 0 -1 -1 -1 -1 2.0 0.099999994 0.1 5330784.22900613 529.4156095153805 32696966.072341554 0.077143 1.077844137091258 
SR-Stab -1 -1 0 -1 -1 -1 -1 2.0 0.099999994 0.1 5330783.241792042 529.381183511686 32696965.816726796 0.077143 1.0608307049064933 
SR-Stab -1 -1 0 -1 -1 -1 -1 2.0 0.099999994 0.1 5330781.035417397 530.667335457277 32696960.781423606 0.077143 1.0528275290698064 
SR-Stab -1 -1 0 -1 -1 -1 -1 2.0 0.099999994 0.1 5330783.348946888 529.3843514985558 32696965.70980274 0.077143 0.46425909491613615 
SR-Stab -1 -1 0 -1 -1 -1 -1 2.0 0.099999994 0.1 5330783.116770107 529.3613795108315 32696965.809821717 0.077143 0.9619698524475098 
SR-Stab -1 -1 0 -1 -1 -1 -1 2.0 0.099999994 0.1 5330783.105745632 529.361091501188 32696965.57545673 0.077143 0.3893389403820038 
SR-Stab -1 -1 0 -1 -1 -1 -1 2.0 0.099999994 0.1 5330783.890219051 529.8487014836785 32696961.372144513 0.077143 0.5666291057726864 
SR-Stab -1 -1 0 -1 -1 -1 -1 2.0 0.099999994 0.1 5330784.223351795 533.6422635979172 32696962.048017614 0.077143 0.36163216829299927 
SR-Stab -1 -1 0 -1 -1 -1 -1 2.0 0.099999994 0.1 5330780.247834999 533.6658966011521 32696961.249765687 0.077143 0.34727776050567627 
SR-Stab -1 -1 0 -1 -1 -1 -1 2.0 0.099999994 0.1 5330784.187784512 529.3585574991223 32696966.022069566 0.077143 0.2970642541358829 

