SR-Stab -1 -1 0 -1 -1 -1 -1 2.0 0.099999994 0.1 5330745.924194599 529.9775372190437 32696958.67380891 0.077143 4.86206274895128 
SR-Stab -1 -1 0 -1 -1 -1 -1 2.0 0.099999994 0.1 5330746.086532855 529.9979143781624 32696957.828323223 0.077143 5.149458243311356 
SR-Stab -1 -1 0 -1 -1 -1 -1 2.0 0.099999994 0.1 5330752.639122272 529.8173295302353 32696959.182594158 0.077143 4.101363134204524 
SR-Stab -1 -1 0 -1 -1 -1 -1 2.0 0.099999994 0.1 5330749.224396015 530.7191771907768 32696954.00999055 0.077143 0.9425807358991971 
SR-Stab -1 -1 0 -1 -1 -1 -1 2.0 0.099999994 0.1 5330751.664230609 530.7489534063301 32696954.561782695 0.077143 1.01369211317389 
SR-Stab -1 -1 0 -1 -1 -1 -1 2.0 0.099999994 0.1 5330746.791649127 531.0074064178428 32696953.472886898 0.077143 0.7617914321947467 
SR-Stab -1 -1 0 -1 -1 -1 -1 2.0 0.099999994 0.1 5330745.986908222 529.5384754581413 32696957.742730953 0.077143 0.7685998492190151 
SR-Stab -1 -1 0 -1 -1 -1 -1 2.0 0.099999994 0.1 5330745.849746967 529.5090394062958 32696958.744619228 0.077143 0.5492299574389466 
SR-Stab -1 -1 0 -1 -1 -1 -1 2.0 0.099999994 0.1 5330745.966125751 529.5757961912117 32696957.860246517 0.077143 0.47237592935562134 
SR-Stab -1 -1 0 -1 -1 -1 -1 2.0 0.099999994 0.1 5330745.964233661 529.5489009661636 32696958.58229623 0.077143 0.5964413307197004 
SR-Stab -1 -1 0 -1 -1 -1 -1 2.0 0.099999994 0.1 5330752.550880695 529.4767499012909 32696959.101600505 0.077143 0.4498136639595032 
SR-Stab -1 -1 0 -1 -1 -1 -1 2.0 0.099999994 0.1 5330746.247314716 529.5381655735931 32696957.816644527 0.077143 0.5707363329156924 
SR-Stab -1 -1 0 -1 -1 -1 -1 2.0 0.099999994 0.1 5330752.7010348085 529.4636531813106 32696959.07990823 0.077143 0.5294557809829712 
SR-Stab -1 -1 0 -1 -1 -1 -1 2.0 0.099999994 0.1 5330747.239761615 529.7870652122459 32696958.553214885 0.077143 0.4029005467891693 
SR-Stab -1 -1 0 -1 -1 -1 -1 2.0 0.099999994 0.1 5330746.158699298 529.5730851931534 32696957.95489297 0.077143 0.3907342255115509 
SR-Stab -1 -1 0 -1 -1 -1 -1 2.0 0.099999994 0.1 5330754.129616046 530.6840711278877 32696955.101213314 0.077143 0.3340624272823334 
SR-Stab -1 -1 0 -1 -1 -1 -1 2.0 0.099999994 0.1 5330752.513443256 529.4484791798553 32696959.230363704 0.077143 0.2927224040031433 
SR-Stab -1 -1 0 -1 -1 -1 -1 2.0 0.099999994 0.1 5330752.803627277 529.4762471957168 32696959.25210748 0.077143 0.28365132212638855 
SR-Stab -1 -1 0 -1 -1 -1 -1 2.0 0.099999994 0.1 5330752.794693256 529.4464051766357 32696959.139762737 0.077143 0.26203033328056335 
SR-Stab -1 -1 0 -1 -1 -1 -1 2.0 0.099999994 0.1 5330745.73654964 529.5547461850605 32696958.633996822 0.077143 0.25799861550331116 

