SR-Stab -1 -1 0 -1 -1 -1 -1 2.0 0.099999994 0.1 5330818.567402203 529.7474520233499 32696967.24558031 0.077143 3.5156149820841036 
SR-Stab -1 -1 0 -1 -1 -1 -1 2.0 0.099999994 0.1 5330818.63541444 529.5265645411836 32696967.99977409 0.077143 3.2890538043893303 
SR-Stab -1 -1 0 -1 -1 -1 -1 2.0 0.099999994 0.1 5330823.868175823 529.8282189992295 32696973.108180158 0.077143 3.143284105210207 
SR-Stab -1 -1 0 -1 -1 -1 -1 2.0 0.099999994 0.1 5330823.767174084 529.5580278066026 32696971.856068723 0.077143 1.0472749092786584 
SR-Stab -1 -1 0 -1 -1 -1 -1 2.0 0.099999994 0.1 5330825.733227093 529.5645074871408 32696972.832401387 0.077143 0.4290846288204193 
SR-Stab -1 -1 0 -1 -1 -1 -1 2.0 0.099999994 0.1 5330818.787144024 529.532219472252 32696970.40977966 0.077143 0.37226244807243347 
SR-Stab -1 -1 0 -1 -1 -1 -1 2.0 0.099999994 0.1 5330818.765442211 529.2913745072709 32696967.99330341 0.077143 0.3221866190433502 
SR-Stab -1 -1 0 -1 -1 -1 -1 2.0 0.099999994 0.1 5330818.724235851 529.3475604978429 32696970.519207112 0.077143 0.27052488923072815 
SR-Stab -1 -1 0 -1 -1 -1 -1 2.0 0.099999994 0.1 5330823.834816296 529.4593312767373 32696973.54004585 0.077143 0.2672237157821655 

