SR-Stab -1 -1 0 -1 -1 -1 -1 2.0 0.099999994 0.1 5330783.197986796 529.8303084162184 32696965.662936267 0.077143 4.2055787450884585 
SR-Stab -1 -1 0 -1 -1 -1 -1 2.0 0.099999994 0.1 5330783.83950062 530.0134864834257 32696962.4698196 0.077143 3.1992920054879064 
SR-Stab -1 -1 0 -1 -1 -1 -1 2.0 0.099999994 0.1 5330783.400390818 530.120298722119 32696960.580235537 0.077143 3.141115485999458 
SR-Stab -1 -1 0 -1 -1 -1 -1 2.0 0.099999994 0.1 5330781.041422083 530.7279244450041 32696960.77931064 0.077143 0.5664178729057312 
SR-Stab -1 -1 0 -1 -1 -1 -1 2.0 0.099999994 0.1 5330785.7350027105 529.5339985278555 32696963.02916151 0.077143 0.4848525822162628 
SR-Stab -1 -1 0 -1 -1 -1 -1 2.0 0.099999994 0.1 5330777.877529337 529.7628037718245 32696960.220883068 0.077143 1.066193454281038 
SR-Stab -1 -1 0 -1 -1 -1 -1 2.0 0.099999994 0.1 5330777.950071528 530.8360866096922 32696960.459642585 0.077143 1.2760333680049702 
SR-Stab -1 -1 0 -1 -1 -1 -1 2.0 0.099999994 0.1 5330783.093691065 529.3649215188929 32696965.632196482 0.077143 0.4159596860408783 
SR-Stab -1 -1 0 -1 -1 -1 -1 2.0 0.099999994 0.1 5330784.148607447 529.3984114912458 32696966.06045538 0.077143 0.39390110969543457 
SR-Stab -1 -1 0 -1 -1 -1 -1 2.0 0.099999994 0.1 5330783.90013714 529.90713105473 32696961.36339813 0.077143 0.6389882775955618 
SR-Stab -1 -1 0 -1 -1 -1 -1 2.0 0.099999994 0.1 5330783.349199488 529.3775159207293 32696965.69531065 0.077143 0.34169840812683105 
SR-Stab -1 -1 0 -1 -1 -1 -1 2.0 0.099999994 0.1 5330783.21534939 529.3579995122858 32696965.810443457 0.077143 0.32590022683143616 
SR-Stab -1 -1 0 -1 -1 -1 -1 2.0 0.099999994 0.1 5330787.801096155 530.2038498905607 32696972.07989412 0.077143 0.5254206778768908 
SR-Stab -1 -1 0 -1 -1 -1 -1 2.0 0.099999994 0.1 5330781.360178187 529.828845479817 32696966.882230815 0.077143 0.30453234910964966 

