SR-Stab -1 -1 0 -1 -1 -1 -1 2.0 0.099999994 0.1 5330679.621019626 530.0553721828422 32696942.38700948 0.077143 3.6999508234811946 
SR-Stab -1 -1 0 -1 -1 -1 -1 2.0 0.099999994 0.1 5330679.79558971 530.0343316836319 32696941.615511753 0.077143 3.795106693043774 
SR-Stab -1 -1 0 -1 -1 -1 -1 2.0 0.099999994 0.1 5330673.122220779 530.1940798206291 32696940.664365627 0.077143 4.338244558129481 
SR-Stab -1 -1 0 -1 -1 -1 -1 2.0 0.099999994 0.1 5330673.280598426 529.874126915451 32696939.86243234 0.077143 3.8614510736325074 
SR-Stab -1 -1 0 -1 -1 -1 -1 2.0 0.099999994 0.1 5330678.268545413 529.8049221677742 32696936.077021457 0.077143 3.103156650740542 
SR-Stab -1 -1 0 -1 -1 -1 -1 2.0 0.099999994 0.1 5330678.645606304 530.9049812002144 32696936.863444187 0.077143 1.3238096829143593 
SR-Stab -1 -1 0 -1 -1 -1 -1 2.0 0.099999994 0.1 5330679.920734668 529.6676031990013 32696941.664023258 0.077143 0.5747908353805542 
SR-Stab -1 -1 0 -1 -1 -1 -1 2.0 0.099999994 0.1 5330679.71384933 529.6681041760406 32696941.53431306 0.077143 0.5437228679656982 
SR-Stab -1 -1 0 -1 -1 -1 -1 2.0 0.099999994 0.1 5330681.067682529 530.8318777723274 32696937.500817157 0.077143 1.0270769366112207 
SR-Stab -1 -1 0 -1 -1 -1 -1 2.0 0.099999994 0.1 5330676.220545078 530.8105679197273 32696936.211667873 0.077143 1.1522706972676748 
SR-Stab -1 -1 0 -1 -1 -1 -1 2.0 0.099999994 0.1 5330681.537163997 533.8613149566612 32696938.269943096 0.077143 0.46517691016197205 
SR-Stab -1 -1 0 -1 -1 -1 -1 2.0 0.099999994 0.1 5330679.70148685 529.6616556687317 32696941.666721202 0.077143 0.45321109890937805 
SR-Stab -1 -1 0 -1 -1 -1 -1 2.0 0.099999994 0.1 5330671.684354568 529.9095908446274 32696939.872773983 0.077143 0.6115905355736164 
SR-Stab -1 -1 0 -1 -1 -1 -1 2.0 0.099999994 0.1 5330676.521264339 529.8437016649208 32696941.179473735 0.077143 1.0848705876828022 
SR-Stab -1 -1 0 -1 -1 -1 -1 2.0 0.099999994 0.1 5330673.788584018 530.8113563699684 32696935.570809223 0.077143 0.6203432381806714 
SR-Stab -1 -1 0 -1 -1 -1 -1 2.0 0.099999994 0.1 5330679.734991336 529.6138946754894 32696942.414228298 0.077143 0.4088827073574066 
SR-Stab -1 -1 0 -1 -1 -1 -1 2.0 0.099999994 0.1 5330673.239225173 529.6821514410934 32696939.95368085 0.077143 0.39969402551651 
SR-Stab -1 -1 0 -1 -1 -1 -1 2.0 0.099999994 0.1 5330678.235330844 529.5997561855278 32696935.93611083 0.077143 0.7976716160774231 
SR-Stab -1 -1 0 -1 -1 -1 -1 2.0 0.099999994 0.1 5330679.798940921 529.6174401683769 32696941.465214588 0.077143 0.46840038895606995 
SR-Stab -1 -1 0 -1 -1 -1 -1 2.0 0.099999994 0.1 5330678.112638736 529.6546571893654 32696936.06171546 0.077143 0.5638028383255005 
SR-Stab -1 -1 0 -1 -1 -1 -1 2.0 0.099999994 0.1 5330673.0213034395 529.6534746928177 32696940.65596948 0.077143 0.5356611013412476 
SR-Stab -1 -1 0 -1 -1 -1 -1 2.0 0.099999994 0.1 5330679.485688472 529.6389191789589 32696942.451014377 0.077143 0.36712777614593506 
SR-Stab -1 -1 0 -1 -1 -1 -1 2.0 0.099999994 0.1 5330679.727662349 529.6585812015495 32696942.28887544 0.077143 0.3301630914211273 
SR-Stab -1 -1 0 -1 -1 -1 -1 2.0 0.099999994 0.1 5330673.138910556 529.6790321512184 32696939.77768693 0.077143 0.32132840156555176 
SR-Stab -1 -1 0 -1 -1 -1 -1 2.0 0.099999994 0.1 5330675.514848972 529.9650931997261 32696936.070299007 0.077143 0.2815982401371002 
SR-Stab -1 -1 0 -1 -1 -1 -1 2.0 0.099999994 0.1 5330673.384652877 529.5337171895466 32696941.671249248 0.077143 0.26720699667930603 
SR-Stab -1 -1 0 -1 -1 -1 -1 2.0 0.099999994 0.1 5330674.067529464 529.9681112213096 32696940.570971347 0.077143 0.26495298743247986 
SR-Stab -1 -1 0 -1 -1 -1 -1 2.0 0.099999994 0.1 5330679.604376102 529.6614425821266 32696941.56808362 0.077143 0.2586957514286041 
SR-Stab -1 -1 0 -1 -1 -1 -1 2.0 0.099999994 0.1 5330679.499104762 529.641380195137 32696942.287553646 0.077143 0.2538629472255707 

