SR-Stab -1 -1 0 -1 -1 -1 -1 2.0 0.099999994 0.1 5330818.514473278 529.4886068768021 32696967.281187646 0.077143 4.953701726208229 
SR-Stab -1 -1 0 -1 -1 -1 -1 2.0 0.099999994 0.1 5330816.56346162 529.774514860582 32696975.12602245 0.077143 6.895593984800849 
SR-Stab -1 -1 0 -1 -1 -1 -1 2.0 0.099999994 0.1 5330818.586765606 529.9639068312165 32696968.043574445 0.077143 4.443935099573969 
SR-Stab -1 -1 0 -1 -1 -1 -1 2.0 0.099999994 0.1 5330816.3775599785 529.611276394796 32696974.363947026 0.077143 3.0748527925238527 
SR-Stab -1 -1 0 -1 -1 -1 -1 2.0 0.099999994 0.1 5330816.184486706 529.740089363527 32696974.62097179 0.077143 2.599905857146962 
SR-Stab -1 -1 0 -1 -1 -1 -1 2.0 0.099999994 0.1 5330818.559242565 529.3292368716714 32696968.140074365 0.077143 0.5338677763938904 
SR-Stab -1 -1 0 -1 -1 -1 -1 2.0 0.099999994 0.1 5330816.4634097405 529.418798363876 32696975.040557973 0.077143 0.6322826743125916 
SR-Stab -1 -1 0 -1 -1 -1 -1 2.0 0.099999994 0.1 5330816.667129833 529.3719039029595 32696975.228148572 0.077143 0.47181010246276855 
SR-Stab -1 -1 0 -1 -1 -1 -1 2.0 0.099999994 0.1 5330816.635734875 529.3876683778283 32696975.036024205 0.077143 0.4580300748348236 
SR-Stab -1 -1 0 -1 -1 -1 -1 2.0 0.099999994 0.1 5330816.464924175 529.3828678793427 32696975.266441457 0.077143 0.3304460644721985 
SR-Stab -1 -1 0 -1 -1 -1 -1 2.0 0.099999994 0.1 5330818.421886761 529.3221818871018 32696967.23724567 0.077143 0.3468896225349521 

