SR-Stab -1 -1 0 -1 -1 -1 -1 2.0 0.099999994 0.1 5330783.217713673 529.9039363292085 32696965.665910833 0.077143 5.1653749384643435 
SR-Stab -1 -1 0 -1 -1 -1 -1 2.0 0.099999994 0.1 5330789.079869587 529.7233126786576 32696966.870933168 0.077143 4.501072544880159 
SR-Stab -1 -1 0 -1 -1 -1 -1 2.0 0.099999994 0.1 5330783.845548946 530.0634853270875 32696962.470350377 0.077143 3.352515174923621 
SR-Stab -1 -1 0 -1 -1 -1 -1 2.0 0.099999994 0.1 5330783.404997189 530.187537374817 32696960.57744003 0.077143 3.0594460723547274 
SR-Stab -1 -1 0 -1 -1 -1 -1 2.0 0.099999994 0.1 5330789.079523403 530.003424468361 32696963.574646585 0.077143 2.7094483342502165 
SR-Stab -1 -1 0 -1 -1 -1 -1 2.0 0.099999994 0.1 5330789.0970156975 529.3813734081613 32696966.753337972 0.077143 0.6616049206014426 
SR-Stab -1 -1 0 -1 -1 -1 -1 2.0 0.099999994 0.1 5330788.981966335 529.3742024925576 32696966.87811386 0.077143 0.48135995864868164 
SR-Stab -1 -1 0 -1 -1 -1 -1 2.0 0.099999994 0.1 5330781.02743705 530.6573734906541 32696960.78351203 0.077143 1.1980730955900762 
SR-Stab -1 -1 0 -1 -1 -1 -1 2.0 0.099999994 0.1 5330783.226004917 529.4047685292588 32696965.547037713 0.077143 0.4553480903252115 
SR-Stab -1 -1 0 -1 -1 -1 -1 2.0 0.099999994 0.1 5330789.055597622 529.3524305251466 32696967.003352754 0.077143 0.44554051756858826 
SR-Stab -1 -1 0 -1 -1 -1 -1 2.0 0.099999994 0.1 5330783.8870738335 529.5184881714212 32696962.693015687 0.077143 0.7080337405204773 
SR-Stab -1 -1 0 -1 -1 -1 -1 2.0 0.099999994 0.1 5330783.897159893 529.8962628272401 32696961.347294323 0.077143 1.113223712129763 
SR-Stab -1 -1 0 -1 -1 -1 -1 2.0 0.099999994 0.1 5330783.101968128 529.3727987733708 32696965.544605844 0.077143 0.41393160820007324 
SR-Stab -1 -1 0 -1 -1 -1 -1 2.0 0.099999994 0.1 5330783.053219158 529.383720132433 32696965.696432225 0.077143 0.46787336468696594 
SR-Stab -1 -1 0 -1 -1 -1 -1 2.0 0.099999994 0.1 5330783.343224842 529.3806490329133 32696965.694261663 0.077143 0.3633025586605072 
SR-Stab -1 -1 0 -1 -1 -1 -1 2.0 0.099999994 0.1 5330787.448633511 529.7588725117074 32696962.137443535 0.077143 0.7721388534324133 
SR-Stab -1 -1 0 -1 -1 -1 -1 2.0 0.099999994 0.1 5330784.146088917 529.3968715098725 32696966.066613786 0.077143 0.3022053837776184 

