SR-Stab -1 -1 0 -1 -1 -1 -1 2.0 0.099999994 0.1 5330794.304445583 529.8378868726121 32696964.445375316 0.077143 6.411176922873345 
SR-Stab -1 -1 0 -1 -1 -1 -1 2.0 0.099999994 0.1 5330795.882143337 529.6542040732728 32696968.492434137 0.077143 4.945920715855361 
SR-Stab -1 -1 0 -1 -1 -1 -1 2.0 0.099999994 0.1 5330795.4999831505 529.9014518288003 32696962.97352635 0.077143 2.723153698398736 
SR-Stab -1 -1 0 -1 -1 -1 -1 2.0 0.099999994 0.1 5330789.1110595055 529.5097889927255 32696966.883937947 0.077143 1.3991575793823507 
SR-Stab -1 -1 0 -1 -1 -1 -1 2.0 0.099999994 0.1 5330789.111849148 530.1223354962693 32696963.571116798 0.077143 2.332824566805837 
SR-Stab -1 -1 0 -1 -1 -1 -1 2.0 0.099999994 0.1 5330793.601373989 529.5985198644029 32696968.277591817 0.077143 1.790875940382214 
SR-Stab -1 -1 0 -1 -1 -1 -1 2.0 0.099999994 0.1 5330791.777880032 529.5629397061692 32696964.273997895 0.077143 0.5412185788154602 
SR-Stab -1 -1 0 -1 -1 -1 -1 2.0 0.099999994 0.1 5330795.293672878 529.9125414517747 32696969.342941396 0.077143 2.400644405541886 
SR-Stab -1 -1 0 -1 -1 -1 -1 2.0 0.099999994 0.1 5330794.101719219 530.0003257420884 32696969.059217565 0.077143 1.9241633466535861 
SR-Stab -1 -1 0 -1 -1 -1 -1 2.0 0.099999994 0.1 5330793.537639935 529.6882259276734 32696968.181697957 0.077143 1.1481252679179708 
SR-Stab -1 -1 0 -1 -1 -1 -1 2.0 0.099999994 0.1 5330791.694034893 529.5694147971498 32696964.187024467 0.077143 0.4808012545108795 
SR-Stab -1 -1 0 -1 -1 -1 -1 2.0 0.099999994 0.1 5330795.992515881 529.3528081801759 32696968.59882652 0.077143 0.46778255701065063 
SR-Stab -1 -1 0 -1 -1 -1 -1 2.0 0.099999994 0.1 5330797.367121059 529.552637520157 32696963.483175628 0.077143 0.4621110260486603 
SR-Stab -1 -1 0 -1 -1 -1 -1 2.0 0.099999994 0.1 5330793.69700082 529.5877625373231 32696968.17706787 0.077143 0.910492302323511 
SR-Stab -1 -1 0 -1 -1 -1 -1 2.0 0.099999994 0.1 5330792.377283413 529.6642565158235 32696962.836422555 0.077143 0.9109695729440372 
SR-Stab -1 -1 0 -1 -1 -1 -1 2.0 0.099999994 0.1 5330795.994076092 529.3511718538629 32696968.3839513 0.077143 0.43979865312576294 
SR-Stab -1 -1 0 -1 -1 -1 -1 2.0 0.099999994 0.1 5330793.554319698 529.4154832688199 32696968.08413183 0.077143 0.5038818231962259 
SR-Stab -1 -1 0 -1 -1 -1 -1 2.0 0.099999994 0.1 5330795.776956875 529.3468465236054 32696968.55902063 0.077143 0.42104077339172363 
SR-Stab -1 -1 0 -1 -1 -1 -1 2.0 0.099999994 0.1 5330795.796579678 529.3585435179101 32696968.404871576 0.077143 0.4074860697927147 
SR-Stab -1 -1 0 -1 -1 -1 -1 2.0 0.099999994 0.1 5330795.194650967 529.7521775391923 32696969.3081752 0.077143 0.3934381306171417 
SR-Stab -1 -1 0 -1 -1 -1 -1 2.0 0.099999994 0.1 5330789.902927715 529.6479499963151 32696962.54949557 0.077143 1.0491630335415678 
SR-Stab -1 -1 0 -1 -1 -1 -1 2.0 0.099999994 0.1 5330793.691500027 529.3475571003781 32696968.09011995 0.077143 0.37479859590530396 
SR-Stab -1 -1 0 -1 -1 -1 -1 2.0 0.099999994 0.1 5330795.404047329 529.8209015158044 32696969.242746465 0.077143 0.7270902852032969 
SR-Stab -1 -1 0 -1 -1 -1 -1 2.0 0.099999994 0.1 5330794.151401836 529.3592719164716 32696964.456344478 0.077143 0.369962602853775 
SR-Stab -1 -1 0 -1 -1 -1 -1 2.0 0.099999994 0.1 5330793.442995388 529.3688609925138 32696968.07570135 0.077143 0.3620027143101804 
SR-Stab -1 -1 0 -1 -1 -1 -1 2.0 0.099999994 0.1 5330795.507740337 529.6156957772599 32696969.30119144 0.077143 0.5034128672339054 
SR-Stab -1 -1 0 -1 -1 -1 -1 2.0 0.099999994 0.1 5330794.517576534 529.3381035056935 32696964.144249074 0.077143 0.31870734691619873 
SR-Stab -1 -1 0 -1 -1 -1 -1 2.0 0.099999994 0.1 5330795.422991116 529.3767685023175 32696969.1139146 0.077143 0.29692649841308594 
SR-Stab -1 -1 0 -1 -1 -1 -1 2.0 0.099999994 0.1 5330795.485767681 529.8655748990403 32696963.236779563 0.077143 0.2925227880477905 
SR-Stab -1 -1 0 -1 -1 -1 -1 2.0 0.099999994 0.1 5330794.009210903 529.3459545102941 32696968.885025136 0.077143 0.2822825014591217 
SR-Stab -1 -1 0 -1 -1 -1 -1 2.0 0.099999994 0.1 5330794.364843685 529.3495464948045 32696964.32546007 0.077143 0.2659875750541687 

