SR-Stab -1 -1 0 -1 -1 -1 -1 2.0 0.099999994 0.1 5330807.758949596 529.8974358505723 32696966.81515228 0.077143 4.779483187985753 
SR-Stab -1 -1 0 -1 -1 -1 -1 2.0 0.099999994 0.1 5330807.868999798 529.8058588571068 32696971.70516216 0.077143 8.329804962263646 
SR-Stab -1 -1 0 -1 -1 -1 -1 2.0 0.099999994 0.1 5330807.868240673 529.3841303653237 32696971.565225713 0.077143 0.6446607369398016 
SR-Stab -1 -1 0 -1 -1 -1 -1 2.0 0.099999994 0.1 5330807.759907085 529.3638588852402 32696971.742238156 0.077143 0.4376300275325775 
SR-Stab -1 -1 0 -1 -1 -1 -1 2.0 0.099999994 0.1 5330807.720074017 529.3603918916699 32696966.949185483 0.077143 0.41327589750289917 
SR-Stab -1 -1 0 -1 -1 -1 -1 2.0 0.099999994 0.1 5330805.795616467 529.6440028614518 32696972.211641423 0.077143 1.1284655535493968 
SR-Stab -1 -1 0 -1 -1 -1 -1 2.0 0.099999994 0.1 5330807.907150585 529.3620048827645 32696971.82686054 0.077143 0.38946980237960815 
SR-Stab -1 -1 0 -1 -1 -1 -1 2.0 0.099999994 0.1 5330808.016117413 529.3549558884617 32696971.6810857 0.077143 0.4686627686023712 
SR-Stab -1 -1 0 -1 -1 -1 -1 2.0 0.099999994 0.1 5330807.189388592 529.5890063709733 32696965.291185968 0.077143 0.5497401600328325 

