SR-Stab -1 -1 0 -1 -1 -1 -1 2.0 0.099999994 0.1 5334088.501646528 507.1394379420295 32693706.080063235 0.077143 4.717226897156142 
SR-Stab -1 -1 0 -1 -1 -1 -1 2.0 0.099999994 0.1 5334088.465417394 507.3972804231658 32693707.09777726 0.077143 5.077668531680406 
SR-Stab -1 -1 0 -1 -1 -1 -1 2.0 0.099999994 0.1 5334082.3557376955 507.355918435575 32693707.263464343 0.077143 4.546240613809776 
SR-Stab -1 -1 0 -1 -1 -1 -1 2.0 0.099999994 0.1 5334082.485219488 507.44336196613455 32693706.422359835 0.077143 4.694204171674491 
SR-Stab -1 -1 0 -1 -1 -1 -1 2.0 0.099999994 0.1 5334082.594438801 507.1195524616256 32693706.41607536 0.077143 0.5407232642173767 
SR-Stab -1 -1 0 -1 -1 -1 -1 2.0 0.099999994 0.1 5334082.439271698 507.10921343994283 32693706.554014336 0.077143 0.6442431829782258 
SR-Stab -1 -1 0 -1 -1 -1 -1 2.0 0.099999994 0.1 5334082.477479706 507.14253946972036 32693707.211528312 0.077143 0.5083656936629437 
SR-Stab -1 -1 0 -1 -1 -1 -1 2.0 0.099999994 0.1 5334088.502889166 506.9575739486232 32693706.94827689 0.077143 0.7501085032038828 
SR-Stab -1 -1 0 -1 -1 -1 -1 2.0 0.099999994 0.1 5334088.621560583 506.88962545824194 32693706.070969235 0.077143 0.47717815080431936 
SR-Stab -1 -1 0 -1 -1 -1 -1 2.0 0.099999994 0.1 5334088.581361303 506.922759441854 32693707.16288222 0.077143 0.46920788288116455 
SR-Stab -1 -1 0 -1 -1 -1 -1 2.0 0.099999994 0.1 5334088.548632154 506.8460904492154 32693705.943216216 0.077143 0.44420403242111206 
SR-Stab -1 -1 0 -1 -1 -1 -1 2.0 0.099999994 0.1 5334082.499406824 507.1065884513869 32693707.320079338 0.077143 0.41932910680770874 
SR-Stab -1 -1 0 -1 -1 -1 -1 2.0 0.099999994 0.1 5334088.313105116 506.96304645967626 32693707.06899036 0.077143 0.3936610221862793 
SR-Stab -1 -1 0 -1 -1 -1 -1 2.0 0.099999994 0.1 5334088.343789587 506.93350395393514 32693706.135706794 0.077143 0.483271062374115 
SR-Stab -1 -1 0 -1 -1 -1 -1 2.0 0.099999994 0.1 5334082.184838781 507.1182364506736 32693707.257353317 0.077143 0.34915730357170105 
SR-Stab -1 -1 0 -1 -1 -1 -1 2.0 0.099999994 0.1 5334088.637445936 506.93164244127416 32693706.21697415 0.077143 0.3203941881656647 
SR-Stab -1 -1 0 -1 -1 -1 -1 2.0 0.099999994 0.1 5334082.301286707 507.11706444454336 32693706.454899203 0.077143 0.43230482935905457 
SR-Stab -1 -1 0 -1 -1 -1 -1 2.0 0.099999994 0.1 5334088.681489477 506.9729484601035 32693707.06177224 0.077143 0.29907482862472534 
SR-Stab -1 -1 0 -1 -1 -1 -1 2.0 0.099999994 0.1 5334081.776582727 507.12038045954847 32693710.24380828 0.077143 0.2880145013332367 

