SR-Stab -1 -1 0 -1 -1 -1 -1 2.0 0.099999994 0.1 5333947.989078781 512.1517936883142 32693718.288254127 0.077143 4.288159221506748 
SR-Stab -1 -1 0 -1 -1 -1 -1 2.0 0.099999994 0.1 5333948.159141799 511.89134716965464 32693718.94102083 0.077143 5.56717764244184 
SR-Stab -1 -1 0 -1 -1 -1 -1 2.0 0.099999994 0.1 5333945.97424533 512.1404456792047 32693718.399032936 0.077143 5.501488850186172 
SR-Stab -1 -1 0 -1 -1 -1 -1 2.0 0.099999994 0.1 5333945.815124771 512.4257656929663 32693719.253166065 0.077143 6.348673085962445 
SR-Stab -1 -1 0 -1 -1 -1 -1 2.0 0.099999994 0.1 5333947.903415939 511.7668936846426 32693718.15582262 0.077143 0.6476998091190814 
SR-Stab -1 -1 0 -1 -1 -1 -1 2.0 0.099999994 0.1 5333947.848888656 511.76176068164614 32693718.180527076 0.077143 0.45581356863932504 
SR-Stab -1 -1 0 -1 -1 -1 -1 2.0 0.099999994 0.1 5333948.062015792 511.63469669200686 32693718.980720863 0.077143 0.4140193462371826 
SR-Stab -1 -1 0 -1 -1 -1 -1 2.0 0.099999994 0.1 5333948.2083971705 511.6994476912191 32693719.070232257 0.077143 0.48301488161087036 
SR-Stab -1 -1 0 -1 -1 -1 -1 2.0 0.099999994 0.1 5333948.2067721095 511.5905207095316 32693718.824127063 0.077143 0.379773131649656 
SR-Stab -1 -1 0 -1 -1 -1 -1 2.0 0.099999994 0.1 5333946.295501968 511.9325746593645 32693718.63893877 0.077143 0.48540807348145604 
SR-Stab -1 -1 0 -1 -1 -1 -1 2.0 0.099999994 0.1 5333945.970909378 511.84412166454103 32693718.507271156 0.077143 0.3202415704727173 
SR-Stab -1 -1 0 -1 -1 -1 -1 2.0 0.099999994 0.1 5333947.8843863215 511.6430896816423 32693718.30665575 0.077143 0.2854328751564026 
SR-Stab -1 -1 0 -1 -1 -1 -1 2.0 0.099999994 0.1 5333948.135704299 511.68054667093065 32693719.10716282 0.077143 0.25870328623078254 

