SR-Stab -1 -1 0 -1 -1 -1 -1 2.0 0.099999994 0.1 5333940.933191558 512.3204312620333 32693719.908853397 0.077143 5.060292194647866 
SR-Stab -1 -1 0 -1 -1 -1 -1 2.0 0.099999994 0.1 5333940.518236419 512.4799042341879 32693718.773648605 0.077143 7.797176168323451 
SR-Stab -1 -1 0 -1 -1 -1 -1 2.0 0.099999994 0.1 5333940.567041656 512.0944997666052 32693719.299527034 0.077143 1.2205319710710978 
SR-Stab -1 -1 0 -1 -1 -1 -1 2.0 0.099999994 0.1 5333940.608942291 512.0696447489431 32693718.8724712 0.077143 0.7595253528776865 
SR-Stab -1 -1 0 -1 -1 -1 -1 2.0 0.099999994 0.1 5333940.503244659 512.1142697630098 32693719.230958328 0.077143 0.5538779497146606 
SR-Stab -1 -1 0 -1 -1 -1 -1 2.0 0.099999994 0.1 5333940.671617767 512.106870770233 32693719.259045944 0.077143 0.4936940710661526 
SR-Stab -1 -1 0 -1 -1 -1 -1 2.0 0.099999994 0.1 5333940.998040458 512.0133747456243 32693720.000791416 0.077143 0.6418727234887143 
SR-Stab -1 -1 0 -1 -1 -1 -1 2.0 0.099999994 0.1 5333941.035607597 512.0403007564714 32693719.87457405 0.077143 0.47064099884252736 
SR-Stab -1 -1 0 -1 -1 -1 -1 2.0 0.099999994 0.1 5333940.783048889 512.0590152440241 32693719.878565654 0.077143 0.519250214099884 
SR-Stab -1 -1 0 -1 -1 -1 -1 2.0 0.099999994 0.1 5333940.578935882 512.0449107585123 32693718.61543499 0.077143 0.3626912832260132 
SR-Stab -1 -1 0 -1 -1 -1 -1 2.0 0.099999994 0.1 5333940.798799774 512.0480647680929 32693719.980455264 0.077143 0.3492603003978729 
SR-Stab -1 -1 0 -1 -1 -1 -1 2.0 0.099999994 0.1 5333940.43677642 512.0792247650793 32693718.923465118 0.077143 0.3461955487728119 
SR-Stab -1 -1 0 -1 -1 -1 -1 2.0 0.099999994 0.1 5333940.947733184 512.0555077490976 32693719.696704254 0.077143 0.34157004952430725 
SR-Stab -1 -1 0 -1 -1 -1 -1 2.0 0.099999994 0.1 5333940.3411658015 512.075892746227 32693718.683534965 0.077143 0.29531949758529663 

