SR-Stab -1 -1 0 -1 -1 -1 -1 2.0 0.099999994 0.1 5334119.310660848 506.413055477859 32693707.38876022 0.077143 5.933359766212301 
SR-Stab -1 -1 0 -1 -1 -1 -1 2.0 0.099999994 0.1 5334119.06953002 506.2260257883086 32693705.543129813 0.077143 4.489034529078122 
SR-Stab -1 -1 0 -1 -1 -1 -1 2.0 0.099999994 0.1 5334125.128730306 506.0607014579787 32693705.63816632 0.077143 4.126902615671906 
SR-Stab -1 -1 0 -1 -1 -1 -1 2.0 0.099999994 0.1 5334125.400016317 506.2225962264552 32693707.72698928 0.077143 4.989892117987451 
SR-Stab -1 -1 0 -1 -1 -1 -1 2.0 0.099999994 0.1 5334119.347285757 505.9535386247649 32693707.240419757 0.077143 0.6256722634877886 
SR-Stab -1 -1 0 -1 -1 -1 -1 2.0 0.099999994 0.1 5334119.208613882 505.9645653648391 32693707.412097823 0.077143 0.5097736120223999 
SR-Stab -1 -1 0 -1 -1 -1 -1 2.0 0.099999994 0.1 5334119.001182089 505.84738597107076 32693705.649380576 0.077143 0.49368199706077576 
SR-Stab -1 -1 0 -1 -1 -1 -1 2.0 0.099999994 0.1 5334125.387328634 505.76738998127126 32693707.852579366 0.077143 0.7809518304082289 
SR-Stab -1 -1 0 -1 -1 -1 -1 2.0 0.099999994 0.1 5334119.355819235 505.93286380005026 32693707.488896977 0.077143 0.4626578092575073 
SR-Stab -1 -1 0 -1 -1 -1 -1 2.0 0.099999994 0.1 5334125.013904104 505.6206999702468 32693705.634367596 0.077143 0.46163100004196167 
SR-Stab -1 -1 0 -1 -1 -1 -1 2.0 0.099999994 0.1 5334119.033523092 505.78627344799185 32693705.439287316 0.077143 0.4498336911201477 
SR-Stab -1 -1 0 -1 -1 -1 -1 2.0 0.099999994 0.1 5334118.90375472 505.85144343805456 32693705.593619 0.077143 0.5032328367233276 
SR-Stab -1 -1 0 -1 -1 -1 -1 2.0 0.099999994 0.1 5334125.030593405 505.5881514234557 32693705.49198593 0.077143 0.39933422207832336 
SR-Stab -1 -1 0 -1 -1 -1 -1 2.0 0.099999994 0.1 5334119.149760732 505.86412939262533 32693705.652528416 0.077143 0.38923099637031555 
SR-Stab -1 -1 0 -1 -1 -1 -1 2.0 0.099999994 0.1 5334119.190761099 505.7994744462981 32693705.441925418 0.077143 0.38802093267440796 
SR-Stab -1 -1 0 -1 -1 -1 -1 2.0 0.099999994 0.1 5334125.401622305 505.6998804492965 32693707.54909731 0.077143 0.30080199241638184 

