SR-Stab -1 -1 0 -1 -1 -1 -1 2.0 0.099999994 0.1 5334106.93863059 506.68666246366644 32693706.950067412 0.077143 5.727827012421057 
SR-Stab -1 -1 0 -1 -1 -1 -1 2.0 0.099999994 0.1 5334112.972495565 506.52793694865846 32693705.492764127 0.077143 5.1000026079952425 
SR-Stab -1 -1 0 -1 -1 -1 -1 2.0 0.099999994 0.1 5334113.114299307 506.4810954911723 32693707.098250758 0.077143 4.299310296871449 
SR-Stab -1 -1 0 -1 -1 -1 -1 2.0 0.099999994 0.1 5334106.886062155 506.6671388728633 32693705.53409971 0.077143 3.176970001362142 
SR-Stab -1 -1 0 -1 -1 -1 -1 2.0 0.099999994 0.1 5334113.091655264 506.16045594048643 32693707.21518589 0.077143 0.76872183693604 
SR-Stab -1 -1 0 -1 -1 -1 -1 2.0 0.099999994 0.1 5334106.94956542 506.32738122177267 32693705.642053973 0.077143 0.581970751285553 
SR-Stab -1 -1 0 -1 -1 -1 -1 2.0 0.099999994 0.1 5334106.979493627 506.3760564310565 32693706.781686436 0.077143 0.44895687724342537 
SR-Stab -1 -1 0 -1 -1 -1 -1 2.0 0.099999994 0.1 5334106.794858465 506.3281814439311 32693705.667969357 0.077143 0.4391421675682068 
SR-Stab -1 -1 0 -1 -1 -1 -1 2.0 0.099999994 0.1 5334113.099273214 506.0776647014632 32693705.5593871 0.077143 0.5205246210098267 
SR-Stab -1 -1 0 -1 -1 -1 -1 2.0 0.099999994 0.1 5334107.076127538 506.36367642712736 32693706.902058255 0.077143 0.39421939849853516 
SR-Stab -1 -1 0 -1 -1 -1 -1 2.0 0.099999994 0.1 5334113.2077365015 506.1537659747615 32693707.239340793 0.077143 0.3798735439777374 
SR-Stab -1 -1 0 -1 -1 -1 -1 2.0 0.099999994 0.1 5334113.133826742 506.15160009098196 32693706.946518313 0.077143 0.49372234822199595 
SR-Stab -1 -1 0 -1 -1 -1 -1 2.0 0.099999994 0.1 5334106.791551122 506.37946343255186 32693706.81166638 0.077143 0.6975352764129639 
SR-Stab -1 -1 0 -1 -1 -1 -1 2.0 0.099999994 0.1 5334112.947783956 506.1622961146846 32693707.129059684 0.077143 0.3309595584869385 
SR-Stab -1 -1 0 -1 -1 -1 -1 2.0 0.099999994 0.1 5334113.016528616 506.1718974692836 32693706.918511283 0.077143 0.2655528783798218 

