SR-Stab -1 -1 0 -1 -1 -1 -1 2.0 0.099999994 0.1 5334100.7401518915 507.03843611312055 32693706.912649762 0.077143 5.414371469012233 
SR-Stab -1 -1 0 -1 -1 -1 -1 2.0 0.099999994 0.1 5334100.702479849 506.9180729670539 32693705.64128412 0.077143 3.967425491752002 
SR-Stab -1 -1 0 -1 -1 -1 -1 2.0 0.099999994 0.1 5334100.746322164 506.56040504408026 32693707.029782664 0.077143 0.8106842019406278 
SR-Stab -1 -1 0 -1 -1 -1 -1 2.0 0.099999994 0.1 5334100.862790594 506.5480564517989 32693706.988320243 0.077143 0.5673088431358337 
SR-Stab -1 -1 0 -1 -1 -1 -1 2.0 0.099999994 0.1 5334100.833077917 506.5122569782748 32693705.568011653 0.077143 0.7755207774614208 
SR-Stab -1 -1 0 -1 -1 -1 -1 2.0 0.099999994 0.1 5334100.641038427 506.5609224421992 32693706.813128363 0.077143 0.38366692119271256 
SR-Stab -1 -1 0 -1 -1 -1 -1 2.0 0.099999994 0.1 5334100.638680944 506.5311239345088 32693706.95549191 0.077143 0.5215975595481281 
SR-Stab -1 -1 0 -1 -1 -1 -1 2.0 0.099999994 0.1 5334100.876702795 506.54579946231985 32693705.6668743 0.077143 0.34739693999290466 
SR-Stab -1 -1 0 -1 -1 -1 -1 2.0 0.099999994 0.1 5334100.619458685 506.5352284295573 32693705.782943856 0.077143 0.30726462602615356 
SR-Stab -1 -1 0 -1 -1 -1 -1 2.0 0.099999994 0.1 5334100.773559103 506.53581845593595 32693706.765894543 0.077143 0.2658856213092804 
SR-Stab -1 -1 0 -1 -1 -1 -1 2.0 0.099999994 0.1 5334100.88020278 506.53519105744505 32693706.85189713 0.077143 0.26339253783226013 

