SR-Stab -1 -1 0 -1 -1 -1 -1 2.0 0.099999994 0.1 5335339.875704267 491.8556652032024 32691799.545936275 0.077143 3.6534464663639934 
SR-Stab -1 -1 0 -1 -1 -1 -1 2.0 0.099999994 0.1 5335339.00560806 492.04726409541433 32691799.401443172 0.077143 1.8509810611251167 
SR-Stab -1 -1 0 -1 -1 -1 -1 2.0 0.099999994 0.1 5335339.801402547 491.54154014216726 32691799.623248745 0.077143 0.5742973685264587 
SR-Stab -1 -1 0 -1 -1 -1 -1 2.0 0.099999994 0.1 5335339.765280225 491.5201661549694 32691799.517802883 0.077143 0.5333743691444397 
SR-Stab -1 -1 0 -1 -1 -1 -1 2.0 0.099999994 0.1 5335339.057369688 491.5272312127239 32691799.497558285 0.077143 0.7286122971171425 
SR-Stab -1 -1 0 -1 -1 -1 -1 2.0 0.099999994 0.1 5335340.035470464 491.54202615844076 32691799.64857452 0.077143 0.4958265423774719 
SR-Stab -1 -1 0 -1 -1 -1 -1 2.0 0.099999994 0.1 5335340.004847028 491.4706611596233 32691796.546287227 0.077143 0.6432777322272049 
SR-Stab -1 -1 0 -1 -1 -1 -1 2.0 0.099999994 0.1 5335339.8576183105 491.3570002280361 32691799.4028775 0.077143 0.28959181904792786 
SR-Stab -1 -1 0 -1 -1 -1 -1 2.0 0.099999994 0.1 5335339.656505563 491.54345118628805 32691799.575912166 0.077143 0.27999529242515564 
SR-Stab -1 -1 0 -1 -1 -1 -1 2.0 0.099999994 0.1 5335340.6355562 491.2437112294323 32691824.305488277 0.077143 0.27546101808547974 
SR-Stab -1 -1 0 -1 -1 -1 -1 2.0 0.099999994 0.1 5335339.141824224 491.5173242055065 32691799.489810634 0.077143 0.26343169808387756 

