SR-Stab -1 -1 0 -1 -1 -1 -1 2.0 0.099999994 0.1 5331544.201441422 528.0159145420831 32697017.37574961 0.077143 6.852674294136155 
SR-Stab -1 -1 0 -1 -1 -1 -1 2.0 0.099999994 0.1 5331543.596163407 527.9927815026086 32697016.18340256 0.077143 6.718479038179265 
SR-Stab -1 -1 0 -1 -1 -1 -1 2.0 0.099999994 0.1 5331543.471299782 527.615854484443 32697016.07143452 0.077143 0.8602480899478013 
SR-Stab -1 -1 0 -1 -1 -1 -1 2.0 0.099999994 0.1 5331543.517671242 527.6529425209802 32697016.30961158 0.077143 0.6611363887786865 
SR-Stab -1 -1 0 -1 -1 -1 -1 2.0 0.099999994 0.1 5331544.238855019 527.6345804756921 32697017.2272835 0.077143 0.736422360603328 
SR-Stab -1 -1 0 -1 -1 -1 -1 2.0 0.099999994 0.1 5331544.092244759 527.650375468139 32697017.270313524 0.077143 0.42449960112571716 
SR-Stab -1 -1 0 -1 -1 -1 -1 2.0 0.099999994 0.1 5331544.365340844 527.6425610011858 32697017.299963497 0.077143 0.6495195487349462 
SR-Stab -1 -1 0 -1 -1 -1 -1 2.0 0.099999994 0.1 5331543.668794289 527.6104274815362 32697016.031936668 0.077143 0.3735329210758209 
SR-Stab -1 -1 0 -1 -1 -1 -1 2.0 0.099999994 0.1 5331543.7087608725 527.5931495255273 32697016.176875614 0.077143 0.3379358947277069 
SR-Stab -1 -1 0 -1 -1 -1 -1 2.0 0.099999994 0.1 5331545.213594094 527.7036354965013 32697012.882741712 0.077143 0.33685216307640076 
SR-Stab -1 -1 0 -1 -1 -1 -1 2.0 0.099999994 0.1 5331544.064668313 527.619282526378 32697017.370669626 0.077143 0.30820387601852417 

