SR-Stab -1 -1 0 -1 -1 -1 -1 2.0 0.099999994 0.1 5331580.713401452 528.2136555737299 32697015.36864116 0.077143 3.300846351655159 
SR-Stab -1 -1 0 -1 -1 -1 -1 2.0 0.099999994 0.1 5331580.32594265 528.1758155649942 32697016.189293645 0.077143 3.3599599960802995 
SR-Stab -1 -1 0 -1 -1 -1 -1 2.0 0.099999994 0.1 5331579.854976311 528.1296895569604 32697016.040166162 0.077143 1.1379541140143867 
SR-Stab -1 -1 0 -1 -1 -1 -1 2.0 0.099999994 0.1 5331581.80798687 527.8062186068338 32697012.275510095 0.077143 0.39904966950416565 
SR-Stab -1 -1 0 -1 -1 -1 -1 2.0 0.099999994 0.1 5331580.416259423 527.6838705962938 32697016.253206037 0.077143 0.31521645188331604 
SR-Stab -1 -1 0 -1 -1 -1 -1 2.0 0.099999994 0.1 5331580.727328911 527.7068266099733 32697014.960384153 0.077143 0.31147828698158264 
SR-Stab -1 -1 0 -1 -1 -1 -1 2.0 0.099999994 0.1 5331580.321189538 527.6613595908922 32697016.358194135 0.077143 0.3070642352104187 
SR-Stab -1 -1 0 -1 -1 -1 -1 2.0 0.099999994 0.1 5331580.396930352 527.7246335572046 32697016.135710977 0.077143 0.3066358906419385 
SR-Stab -1 -1 0 -1 -1 -1 -1 2.0 0.099999994 0.1 5331580.688823357 527.6277906125825 32697015.277497075 0.077143 0.304632306098938 
SR-Stab -1 -1 0 -1 -1 -1 -1 2.0 0.099999994 0.1 5331581.94300808 527.8286986178201 32697012.2453778 0.077143 0.5986800789833069 

