SR-Stab -1 -1 0 -1 -1 -1 -1 2.0 0.099999994 0.1 5331556.491193429 527.89996252716 32697016.965862535 0.077143 5.1928928553465985 
SR-Stab -1 -1 0 -1 -1 -1 -1 2.0 0.099999994 0.1 5331555.76461567 527.8733014887613 32697015.2289417 0.077143 6.295418561025123 
SR-Stab -1 -1 0 -1 -1 -1 -1 2.0 0.099999994 0.1 5331555.811433449 527.618163508777 32697015.338278554 0.077143 0.593250345987407 
SR-Stab -1 -1 0 -1 -1 -1 -1 2.0 0.099999994 0.1 5331555.696946755 527.601898533706 32697015.114017747 0.077143 0.49041482626256755 
SR-Stab -1 -1 0 -1 -1 -1 -1 2.0 0.099999994 0.1 5331555.808366433 527.5916405147356 32697015.088756822 0.077143 0.46398234367370605 
SR-Stab -1 -1 0 -1 -1 -1 -1 2.0 0.099999994 0.1 5331554.212850228 527.7621285146516 32697012.12018945 0.077143 0.7887516627863186 
SR-Stab -1 -1 0 -1 -1 -1 -1 2.0 0.099999994 0.1 5331555.607495919 527.5902684754175 32697015.242686532 0.077143 0.43637120723724365 
SR-Stab -1 -1 0 -1 -1 -1 -1 2.0 0.099999994 0.1 5331555.682637826 527.592934471969 32697015.35285356 0.077143 0.4174664616584778 
SR-Stab -1 -1 0 -1 -1 -1 -1 2.0 0.099999994 0.1 5331557.012460366 527.7297224825662 32697015.639346384 0.077143 0.9781201041110682 
SR-Stab -1 -1 0 -1 -1 -1 -1 2.0 0.099999994 0.1 5331555.925580636 527.6007065004152 32697015.271026395 0.077143 0.3789868950843811 
SR-Stab -1 -1 0 -1 -1 -1 -1 2.0 0.099999994 0.1 5331555.597203866 527.5956194824022 32697015.1209357 0.077143 0.36804282665252686 
SR-Stab -1 -1 0 -1 -1 -1 -1 2.0 0.099999994 0.1 5331556.576333657 527.6752264922899 32697016.856748603 0.077143 0.3511894643306732 
SR-Stab -1 -1 0 -1 -1 -1 -1 2.0 0.099999994 0.1 5331556.608670846 527.6722695058626 32697017.08253958 0.077143 0.3369060456752777 
SR-Stab -1 -1 0 -1 -1 -1 -1 2.0 0.099999994 0.1 5331552.7749649435 527.7907525128168 32697012.288467668 0.077143 0.32099610567092896 
SR-Stab -1 -1 0 -1 -1 -1 -1 2.0 0.099999994 0.1 5331556.389260903 527.6791524714273 32697016.820370696 0.077143 0.27778443694114685 

