SR-Stab -1 -1 0 -1 -1 -1 -1 2.0 0.099999994 0.1 5334283.406561279 517.2526008987422 32689168.19531709 0.077143 3.900847835637309 
SR-Stab -1 -1 0 -1 -1 -1 -1 2.0 0.099999994 0.1 5334284.793415927 517.5613274478908 32689165.73633653 0.077143 4.125840557308104 
SR-Stab -1 -1 0 -1 -1 -1 -1 2.0 0.099999994 0.1 5334284.288041019 517.4059548282619 32689168.293953717 0.077143 3.659189992488432 
SR-Stab -1 -1 0 -1 -1 -1 -1 2.0 0.099999994 0.1 5334284.577141666 517.1187329196925 32689194.408210576 0.077143 3.2980269987512982 
SR-Stab -1 -1 0 -1 -1 -1 -1 2.0 0.099999994 0.1 5334284.361206912 517.1345243358608 32689198.622075856 0.077143 4.581879326015029 
SR-Stab -1 -1 0 -1 -1 -1 -1 2.0 0.099999994 0.1 5334285.02356615 517.1173401975627 32689188.435556233 0.077143 6.2726323183386725 
SR-Stab -1 -1 0 -1 -1 -1 -1 2.0 0.099999994 0.1 5334284.250916385 517.1631742620464 32689167.355477154 0.077143 5.085011843794706 
SR-Stab -1 -1 0 -1 -1 -1 -1 2.0 0.099999994 0.1 5334283.306706333 517.2704647684093 32689167.45313722 0.077143 2.681518333985731 
SR-Stab -1 -1 0 -1 -1 -1 -1 2.0 0.099999994 0.1 5334284.262726688 517.4561768674846 32689167.251957715 0.077143 0.6452250260667483 
SR-Stab -1 -1 0 -1 -1 -1 -1 2.0 0.099999994 0.1 5334285.172276401 517.3337833786006 32689198.55274588 0.077143 3.109736209469024 
SR-Stab -1 -1 0 -1 -1 -1 -1 2.0 0.099999994 0.1 5334284.6078862185 520.0269713306423 32689160.72852403 0.077143 0.5791629552841187 
SR-Stab -1 -1 0 -1 -1 -1 -1 2.0 0.099999994 0.1 5334284.353241825 516.8629748725887 32689198.775400937 0.077143 0.7339269643625959 
SR-Stab -1 -1 0 -1 -1 -1 -1 2.0 0.099999994 0.1 5334284.614856624 516.9479159021373 32689168.42578584 0.077143 0.5037873983383179 
SR-Stab -1 -1 0 -1 -1 -1 -1 2.0 0.099999994 0.1 5334285.178986453 517.2673317098613 32689198.666025937 0.077143 1.6515066305018062 
SR-Stab -1 -1 0 -1 -1 -1 -1 2.0 0.099999994 0.1 5334284.52927103 516.6646440529819 32689160.40528184 0.077143 0.6003897928545285 
SR-Stab -1 -1 0 -1 -1 -1 -1 2.0 0.099999994 0.1 5334285.074426555 516.7404495382305 32689188.32617551 0.077143 0.4295951609315624 
SR-Stab -1 -1 0 -1 -1 -1 -1 2.0 0.099999994 0.1 5334285.124396228 518.4936385059352 32689159.34375459 0.077143 0.37721484899520874 
SR-Stab -1 -1 0 -1 -1 -1 -1 2.0 0.099999994 0.1 5334284.85638132 516.7501889371867 32689188.367195904 0.077143 0.47705188393592834 
SR-Stab -1 -1 0 -1 -1 -1 -1 2.0 0.099999994 0.1 5334282.657956504 516.9636863374706 32689172.501955807 0.077143 0.3593266010284424 
SR-Stab -1 -1 0 -1 -1 -1 -1 2.0 0.099999994 0.1 5334284.645090961 516.9489563608165 32689168.271496594 0.077143 0.4732811152935028 
SR-Stab -1 -1 0 -1 -1 -1 -1 2.0 0.099999994 0.1 5334284.511276149 516.861081590652 32689198.634775937 0.077143 0.3319215476512909 
SR-Stab -1 -1 0 -1 -1 -1 -1 2.0 0.099999994 0.1 5334284.776406192 516.9030892753597 32689168.22852403 0.077143 0.3180887699127197 
SR-Stab -1 -1 0 -1 -1 -1 -1 2.0 0.099999994 0.1 5334284.485316181 516.8572177195545 32689198.523445904 0.077143 0.30254364013671875 
SR-Stab -1 -1 0 -1 -1 -1 -1 2.0 0.099999994 0.1 5334284.960096263 516.7287506961818 32689188.265636265 0.077143 0.3022124469280243 
SR-Stab -1 -1 0 -1 -1 -1 -1 2.0 0.099999994 0.1 5334283.132111453 516.8345235490794 32689168.417977154 0.077143 0.3708558976650238 
SR-Stab -1 -1 0 -1 -1 -1 -1 2.0 0.099999994 0.1 5334283.053376579 516.8622090721126 32689167.55078584 0.077143 0.2934761345386505 
SR-Stab -1 -1 0 -1 -1 -1 -1 2.0 0.099999994 0.1 5334283.011736297 516.9244484806056 32689168.18555528 0.077143 0.2675296366214752 
SR-Stab -1 -1 0 -1 -1 -1 -1 2.0 0.099999994 0.1 5334284.464656734 516.7300357127185 32689194.45313579 0.077143 0.25423797965049744 
SR-Stab -1 -1 0 -1 -1 -1 -1 2.0 0.099999994 0.1 5334284.873006725 516.7091103696819 32689188.51953584 0.077143 0.25289878249168396 

