SR-Stab -1 -1 0 -1 -1 -1 -1 2.0 0.099999994 0.1 5334458.182640455 504.45645949780925 32689808.219582066 0.077143 6.13332617437743 
SR-Stab -1 -1 0 -1 -1 -1 -1 2.0 0.099999994 0.1 5334456.568966291 504.3919239395855 32689805.744659886 0.077143 5.732174563820064 
SR-Stab -1 -1 0 -1 -1 -1 -1 2.0 0.099999994 0.1 5334455.973522565 504.4257644170521 32689806.68550919 0.077143 5.390874909053993 
SR-Stab -1 -1 0 -1 -1 -1 -1 2.0 0.099999994 0.1 5334455.994434736 504.078368937373 32689806.786472782 0.077143 0.6292364001274109 
SR-Stab -1 -1 0 -1 -1 -1 -1 2.0 0.099999994 0.1 5334458.08895149 504.243918930888 32689808.16988419 0.077143 0.5638338923454285 
SR-Stab -1 -1 0 -1 -1 -1 -1 2.0 0.099999994 0.1 5334458.093750379 504.2203829044102 32689808.329330906 0.077143 1.1043391825141664 
SR-Stab -1 -1 0 -1 -1 -1 -1 2.0 0.099999994 0.1 5334456.501751325 504.0931249612568 32689805.878265843 0.077143 0.6083641648292542 
SR-Stab -1 -1 0 -1 -1 -1 -1 2.0 0.099999994 0.1 5334456.135609052 504.1077109330891 32689806.633301243 0.077143 0.5917261838912964 
SR-Stab -1 -1 0 -1 -1 -1 -1 2.0 0.099999994 0.1 5334458.250770948 504.2446199411152 32689808.059872136 0.077143 0.44351908564567566 
SR-Stab -1 -1 0 -1 -1 -1 -1 2.0 0.099999994 0.1 5334458.147579572 504.24751493871196 32689808.059067234 0.077143 0.4430193007377756 
SR-Stab -1 -1 0 -1 -1 -1 -1 2.0 0.099999994 0.1 5334456.402508161 504.1035219186543 32689805.747761235 0.077143 0.4419306218624115 
SR-Stab -1 -1 0 -1 -1 -1 -1 2.0 0.099999994 0.1 5334456.676006696 504.1009709590672 32689805.896229252 0.077143 0.4074048399925232 
SR-Stab -1 -1 0 -1 -1 -1 -1 2.0 0.099999994 0.1 5334455.799652479 504.0790739411114 32689806.69670151 0.077143 0.45130807161331177 
SR-Stab -1 -1 0 -1 -1 -1 -1 2.0 0.099999994 0.1 5334456.70488014 504.10139141023143 32689805.613647923 0.077143 0.594446623329794 
SR-Stab -1 -1 0 -1 -1 -1 -1 2.0 0.099999994 0.1 5334458.230553052 504.106815432906 32689808.34366654 0.077143 0.5263264900342959 
SR-Stab -1 -1 0 -1 -1 -1 -1 2.0 0.099999994 0.1 5334455.858509443 504.0777259820698 32689806.809822544 0.077143 0.32855451107025146 
SR-Stab -1 -1 0 -1 -1 -1 -1 2.0 0.099999994 0.1 5334455.954113386 504.08741394221767 32689806.472771153 0.077143 0.3228740990161896 
SR-Stab -1 -1 0 -1 -1 -1 -1 2.0 0.099999994 0.1 5334456.36012306 504.84141788423045 32689815.320690617 0.077143 0.3208155632019043 
SR-Stab -1 -1 0 -1 -1 -1 -1 2.0 0.099999994 0.1 5334456.263084791 505.6369859927891 32689815.241848454 0.077143 0.31621068716049194 
SR-Stab -1 -1 0 -1 -1 -1 -1 2.0 0.099999994 0.1 5334454.874000928 504.2957244867085 32689812.630730137 0.077143 0.4572314442805603 
SR-Stab -1 -1 0 -1 -1 -1 -1 2.0 0.099999994 0.1 5334455.849750898 504.07442495763286 32689806.54402207 0.077143 0.30903276801109314 
SR-Stab -1 -1 0 -1 -1 -1 -1 2.0 0.099999994 0.1 5334456.077412031 504.0739749425648 32689806.865517125 0.077143 0.27129170298576355 
SR-Stab -1 -1 0 -1 -1 -1 -1 2.0 0.099999994 0.1 5334456.473335645 504.0697719806431 32689805.578388676 0.077143 0.26617658138275146 
SR-Stab -1 -1 0 -1 -1 -1 -1 2.0 0.099999994 0.1 5334457.546409986 504.19552097260936 32689814.187485203 0.077143 0.2548946440219879 

