SR-Stab -1 -1 0 -1 -1 -1 -1 2.0 0.099999994 0.1 5334446.002472303 504.49899146497233 32689803.78045319 0.077143 5.164501232269677 
SR-Stab -1 -1 0 -1 -1 -1 -1 2.0 0.099999994 0.1 5334445.650833509 504.4936369413136 32689804.38043259 0.077143 4.431769681658411 
SR-Stab -1 -1 0 -1 -1 -1 -1 2.0 0.099999994 0.1 5334445.6450046515 504.0899099463223 32689804.506573185 0.077143 0.778824272220598 
SR-Stab -1 -1 0 -1 -1 -1 -1 2.0 0.099999994 0.1 5334445.771728895 504.0865549796818 32689804.393665776 0.077143 0.5253128409385681 
SR-Stab -1 -1 0 -1 -1 -1 -1 2.0 0.099999994 0.1 5334445.544411085 504.08397892653926 32689804.2936406 0.077143 0.46089139580726624 
SR-Stab -1 -1 0 -1 -1 -1 -1 2.0 0.099999994 0.1 5334444.249065778 504.1814419382809 32689802.331654057 0.077143 1.6457280777381162 
SR-Stab -1 -1 0 -1 -1 -1 -1 2.0 0.099999994 0.1 5334445.899879835 504.07760891854747 32689803.666283116 0.077143 0.46591126918792725 
SR-Stab -1 -1 0 -1 -1 -1 -1 2.0 0.099999994 0.1 5334446.039814374 504.062222933173 32689803.916965947 0.077143 0.3447072505950928 
SR-Stab -1 -1 0 -1 -1 -1 -1 2.0 0.099999994 0.1 5334445.859146497 504.06058893144115 32689803.821564183 0.077143 0.44199395388436424 
SR-Stab -1 -1 0 -1 -1 -1 -1 2.0 0.099999994 0.1 5334444.166408918 504.078495954871 32689802.39034699 0.077143 0.29444271326065063 
SR-Stab -1 -1 0 -1 -1 -1 -1 2.0 0.099999994 0.1 5334443.866924665 504.23891291558726 32689797.85526322 0.077143 0.42519912013308003 

