SR-Stab -1 -1 0 -1 -1 -1 -1 2.0 0.099999994 0.1 5334424.171283335 504.5844129316397 32689780.695332002 0.077143 4.540265051343021 
SR-Stab -1 -1 0 -1 -1 -1 -1 2.0 0.099999994 0.1 5334423.366075129 504.5700806371756 32689788.629059266 0.077143 5.457530065195758 
SR-Stab -1 -1 0 -1 -1 -1 -1 2.0 0.099999994 0.1 5334424.670798869 504.52738183661177 32689780.254284333 0.077143 7.343568891290287 
SR-Stab -1 -1 0 -1 -1 -1 -1 2.0 0.099999994 0.1 5334424.776517482 504.3906235687323 32689780.61433072 0.077143 3.2507812858595373 
SR-Stab -1 -1 0 -1 -1 -1 -1 2.0 0.099999994 0.1 5334424.249682994 504.1284639827795 32689780.826214265 0.077143 0.7437455600303847 
SR-Stab -1 -1 0 -1 -1 -1 -1 2.0 0.099999994 0.1 5334424.024919123 504.44788169785215 32689779.757072877 0.077143 1.4979746394432283 
SR-Stab -1 -1 0 -1 -1 -1 -1 2.0 0.099999994 0.1 5334424.104791255 504.15247338934614 32689780.824017 0.077143 0.7852725201885299 
SR-Stab -1 -1 0 -1 -1 -1 -1 2.0 0.099999994 0.1 5334424.041078181 504.29308253451063 32689779.62824292 0.077143 0.8789685850391477 
SR-Stab -1 -1 0 -1 -1 -1 -1 2.0 0.099999994 0.1 5334424.081704707 504.1617869131155 32689780.564522218 0.077143 0.45575278997421265 
SR-Stab -1 -1 0 -1 -1 -1 -1 2.0 0.099999994 0.1 5334423.296861262 504.1289221636839 32689788.53103585 0.077143 0.4449678957462311 
SR-Stab -1 -1 0 -1 -1 -1 -1 2.0 0.099999994 0.1 5334424.063325495 504.10838615818693 32689780.71127362 0.077143 0.4264126121997833 
SR-Stab -1 -1 0 -1 -1 -1 -1 2.0 0.099999994 0.1 5334423.082538218 504.3115386359282 32689780.06260724 0.077143 0.5568693473606665 
SR-Stab -1 -1 0 -1 -1 -1 -1 2.0 0.099999994 0.1 5334423.449628443 504.14540117903425 32689788.518996667 0.077143 0.3535419702529907 
SR-Stab -1 -1 0 -1 -1 -1 -1 2.0 0.099999994 0.1 5334422.506719203 504.3457094423361 32689786.037689637 0.077143 0.560502862783742 
SR-Stab -1 -1 0 -1 -1 -1 -1 2.0 0.099999994 0.1 5334424.903190226 504.1260163180418 32689780.574486207 0.077143 0.48463597893714905 
SR-Stab -1 -1 0 -1 -1 -1 -1 2.0 0.099999994 0.1 5334424.309877009 504.10629582329466 32689780.706322145 0.077143 0.32287606596946716 
SR-Stab -1 -1 0 -1 -1 -1 -1 2.0 0.099999994 0.1 5334424.685350032 504.26769697590544 32689780.142670106 0.077143 0.3174843490123749 
SR-Stab -1 -1 0 -1 -1 -1 -1 2.0 0.099999994 0.1 5334424.198770137 504.17389297409727 32689780.497673463 0.077143 0.3023245930671692 
SR-Stab -1 -1 0 -1 -1 -1 -1 2.0 0.099999994 0.1 5334424.815877528 504.1463296405859 32689780.75777478 0.077143 0.2931008040904999 
SR-Stab -1 -1 0 -1 -1 -1 -1 2.0 0.099999994 0.1 5334423.23324737 504.1639375679083 32689788.72427411 0.077143 0.28974980115890503 
SR-Stab -1 -1 0 -1 -1 -1 -1 2.0 0.099999994 0.1 5334424.044339747 504.1644038550444 32689779.51379056 0.077143 0.2655026316642761 
SR-Stab -1 -1 0 -1 -1 -1 -1 2.0 0.099999994 0.1 5334422.516442866 504.2995488636084 32689786.248001527 0.077143 0.26443302631378174 
SR-Stab -1 -1 0 -1 -1 -1 -1 2.0 0.099999994 0.1 5334423.428918452 504.1230614177771 32689788.777298402 0.077143 0.26110151410102844 

