SR-Stab -1 -1 0 -1 -1 -1 -1 2.0 0.099999994 0.1 5334445.985191273 504.3976439142226 32689803.818881795 0.077143 7.685248711299745 
SR-Stab -1 -1 0 -1 -1 -1 -1 2.0 0.099999994 0.1 5334445.617282795 504.38774894714345 32689804.39242153 0.077143 5.709058099509892 
SR-Stab -1 -1 0 -1 -1 -1 -1 2.0 0.099999994 0.1 5334446.722572254 504.56672095298757 32689806.00475292 0.077143 3.7583093857808505 
SR-Stab -1 -1 0 -1 -1 -1 -1 2.0 0.099999994 0.1 5334446.720561909 504.20707290410985 32689806.116447255 0.077143 0.5305522680282593 
SR-Stab -1 -1 0 -1 -1 -1 -1 2.0 0.099999994 0.1 5334445.87886803 504.055915942192 32689803.786849782 0.077143 0.7336951734320475 
SR-Stab -1 -1 0 -1 -1 -1 -1 2.0 0.099999994 0.1 5334446.890060352 504.2879348897933 32689803.19294338 0.077143 0.6750132468048482 
SR-Stab -1 -1 0 -1 -1 -1 -1 2.0 0.099999994 0.1 5334445.583122181 504.06611042261113 32689804.279121205 0.077143 0.8060771708376501 
SR-Stab -1 -1 0 -1 -1 -1 -1 2.0 0.099999994 0.1 5334446.603401111 504.2026119136809 32689806.051711842 0.077143 0.4695896804332733 
SR-Stab -1 -1 0 -1 -1 -1 -1 2.0 0.099999994 0.1 5334446.061942982 504.0685199403762 32689803.91784267 0.077143 0.4528754651546478 
SR-Stab -1 -1 0 -1 -1 -1 -1 2.0 0.099999994 0.1 5334446.96317284 504.1826589012145 32689803.275718495 0.077143 0.4522547721862793 
SR-Stab -1 -1 0 -1 -1 -1 -1 2.0 0.099999994 0.1 5334446.0666198 504.2010859155654 32689810.69595699 0.077143 0.4358327388763428 
SR-Stab -1 -1 0 -1 -1 -1 -1 2.0 0.099999994 0.1 5334445.502929615 504.0673848891257 32689804.4126852 0.077143 0.49728367627299325 
SR-Stab -1 -1 0 -1 -1 -1 -1 2.0 0.099999994 0.1 5334445.912231373 504.0801468992232 32689803.669307515 0.077143 0.5285113178080542 
SR-Stab -1 -1 0 -1 -1 -1 -1 2.0 0.099999994 0.1 5334445.766498493 504.0711399221419 32689804.378238484 0.077143 0.37550511956214905 
SR-Stab -1 -1 0 -1 -1 -1 -1 2.0 0.099999994 0.1 5334446.8741034735 504.20773290634145 32689806.10042171 0.077143 0.3602147102355957 

