SR-Stab -1 -1 0 -1 -1 -1 -1 2.0 0.099999994 0.1 5334408.455442127 504.50894143541456 32689756.975147065 0.077143 4.974703281653669 
SR-Stab -1 -1 0 -1 -1 -1 -1 2.0 0.099999994 0.1 5334409.0797755085 504.84476991851926 32689756.754325684 0.077143 4.344326934949083 
SR-Stab -1 -1 0 -1 -1 -1 -1 2.0 0.099999994 0.1 5334408.468461689 504.32847436626554 32689756.819747742 0.077143 0.627842366695404 
SR-Stab -1 -1 0 -1 -1 -1 -1 2.0 0.099999994 0.1 5334408.3583285175 504.3292219277203 32689756.89662152 0.077143 0.4873506401294396 
SR-Stab -1 -1 0 -1 -1 -1 -1 2.0 0.099999994 0.1 5334407.884619411 504.3385278816998 32689754.67575055 0.077143 0.3945503830909729 
SR-Stab -1 -1 0 -1 -1 -1 -1 2.0 0.099999994 0.1 5334408.130884822 504.33147236068845 32689757.19239789 0.077143 0.4861495305159046 
SR-Stab -1 -1 0 -1 -1 -1 -1 2.0 0.099999994 0.1 5334408.325354274 504.32886692245603 32689757.047263917 0.077143 0.3431493639945984 
SR-Stab -1 -1 0 -1 -1 -1 -1 2.0 0.099999994 0.1 5334408.554444965 504.2187139030278 32689756.983657654 0.077143 0.3280952274799347 
SR-Stab -1 -1 0 -1 -1 -1 -1 2.0 0.099999994 0.1 5334409.124894794 504.33701094349027 32689756.34120923 0.077143 0.29752036929130554 

