SR-Stab -1 -1 0 -1 -1 -1 -1 2.0 0.099999994 0.1 5334478.869401859 504.3277109169959 32689846.090080068 0.077143 5.322139439474132 
SR-Stab -1 -1 0 -1 -1 -1 -1 2.0 0.099999994 0.1 5334478.298677372 504.19353293418874 32689847.089295194 0.077143 2.402771290520964 
SR-Stab -1 -1 0 -1 -1 -1 -1 2.0 0.099999994 0.1 5334478.194154667 504.0992948913573 32689847.12898998 0.077143 1.5726210571019108 
SR-Stab -1 -1 0 -1 -1 -1 -1 2.0 0.099999994 0.1 5334478.920312809 503.949908902645 32689846.21005325 0.077143 0.9663956151721411 
SR-Stab -1 -1 0 -1 -1 -1 -1 2.0 0.099999994 0.1 5334478.993768619 503.977810909748 32689846.066558644 0.077143 0.6728325039859038 
SR-Stab -1 -1 0 -1 -1 -1 -1 2.0 0.099999994 0.1 5334479.374742435 504.01205991744985 32689842.217880055 0.077143 1.8533417240622638 
SR-Stab -1 -1 0 -1 -1 -1 -1 2.0 0.099999994 0.1 5334478.758024143 503.9442438983916 32689846.178371236 0.077143 0.5592907667160034 
SR-Stab -1 -1 0 -1 -1 -1 -1 2.0 0.099999994 0.1 5334478.752740787 503.94766991376866 32689846.11524181 0.077143 0.48384842774100995 
SR-Stab -1 -1 0 -1 -1 -1 -1 2.0 0.099999994 0.1 5334478.248037266 504.0224194431304 32689846.9894865 0.077143 0.6239045077060061 
SR-Stab -1 -1 0 -1 -1 -1 -1 2.0 0.099999994 0.1 5334479.391557621 503.98354088306417 32689842.35581188 0.077143 0.9599342143424002 
SR-Stab -1 -1 0 -1 -1 -1 -1 2.0 0.099999994 0.1 5334478.462411808 503.9850113892554 32689847.111217305 0.077143 0.5301849458329407 
SR-Stab -1 -1 0 -1 -1 -1 -1 2.0 0.099999994 0.1 5334478.279489445 504.0130098962783 32689847.20181255 0.077143 0.33858948945999146 
SR-Stab -1 -1 0 -1 -1 -1 -1 2.0 0.099999994 0.1 5334479.398408817 504.2828729057311 32689840.69880657 0.077143 0.336546927690506 
SR-Stab -1 -1 0 -1 -1 -1 -1 2.0 0.099999994 0.1 5334478.812242435 503.9446959102153 32689846.001006886 0.077143 0.323318375163425 
SR-Stab -1 -1 0 -1 -1 -1 -1 2.0 0.099999994 0.1 5334476.959802555 505.198436846733 32689839.74113445 0.077143 0.316683292388916 

