SR-Stab -1 -1 0 -1 -1 -1 -1 2.0 0.099999994 0.1 5334399.455022425 504.7057471267767 32689758.803883027 0.077143 4.454932625716477 
SR-Stab -1 -1 0 -1 -1 -1 -1 2.0 0.099999994 0.1 5334398.545026393 504.68038213177397 32689743.515736055 0.077143 7.297991053312315 
SR-Stab -1 -1 0 -1 -1 -1 -1 2.0 0.099999994 0.1 5334398.892255397 504.44294166489317 32689759.184589814 0.077143 6.40428743340059 
SR-Stab -1 -1 0 -1 -1 -1 -1 2.0 0.099999994 0.1 5334398.480771632 504.1882801644392 32689743.40347333 0.077143 0.6766438232077329 
SR-Stab -1 -1 0 -1 -1 -1 -1 2.0 0.099999994 0.1 5334398.608892054 504.19701218529417 32689743.423962068 0.077143 0.451293021440506 
SR-Stab -1 -1 0 -1 -1 -1 -1 2.0 0.099999994 0.1 5334398.579694361 504.1729301802702 32689743.656555604 0.077143 0.3458229601383209 
SR-Stab -1 -1 0 -1 -1 -1 -1 2.0 0.099999994 0.1 5334398.778905482 504.7392982236929 32689745.913734864 0.077143 0.7605187148368998 
SR-Stab -1 -1 0 -1 -1 -1 -1 2.0 0.099999994 0.1 5334398.804795832 505.041219114501 32689745.78842206 0.077143 0.6074901346769775 
SR-Stab -1 -1 0 -1 -1 -1 -1 2.0 0.099999994 0.1 5334399.539121241 504.1613332025595 32689758.729233216 0.077143 0.28378692269325256 
SR-Stab -1 -1 0 -1 -1 -1 -1 2.0 0.099999994 0.1 5334398.857358546 504.30381619854643 32689759.54132123 0.077143 0.2604685127735138 
SR-Stab -1 -1 0 -1 -1 -1 -1 2.0 0.099999994 0.1 5334398.685391993 504.1734141699858 32689743.592693757 0.077143 0.2527853548526764 

