SR-Stab -1 -1 0 -1 -1 -1 -1 2.0 0.099999994 0.1 5334393.348862062 504.6451718767419 32689742.494221207 0.077143 4.746585331825778 
SR-Stab -1 -1 0 -1 -1 -1 -1 2.0 0.099999994 0.1 5334393.451328645 504.2423878868356 32689742.5747838 0.077143 1.233889390188673 
SR-Stab -1 -1 0 -1 -1 -1 -1 2.0 0.099999994 0.1 5334393.41226996 504.2420479019418 32689742.402214523 0.077143 0.6478214878101577 
SR-Stab -1 -1 0 -1 -1 -1 -1 2.0 0.099999994 0.1 5334393.2528118 504.2299018462434 32689742.562225815 0.077143 0.6036967228801211 
SR-Stab -1 -1 0 -1 -1 -1 -1 2.0 0.099999994 0.1 5334393.118484865 509.48355149824766 32689731.076721665 0.077143 0.8603013582913676 
SR-Stab -1 -1 0 -1 -1 -1 -1 2.0 0.099999994 0.1 5334393.342445741 509.32304191191344 32689730.44155168 0.077143 0.3483017086982727 
SR-Stab -1 -1 0 -1 -1 -1 -1 2.0 0.099999994 0.1 5334394.2440952165 506.5839958151117 32689753.04150438 0.077143 0.6191166211006861 
SR-Stab -1 -1 0 -1 -1 -1 -1 2.0 0.099999994 0.1 5334393.5996898515 509.6246471365228 32689730.8103795 0.077143 0.3655298352241516 
SR-Stab -1 -1 0 -1 -1 -1 -1 2.0 0.099999994 0.1 5334393.323276888 504.24897586901335 32689742.70607805 0.077143 0.25954556465148926 
SR-Stab -1 -1 0 -1 -1 -1 -1 2.0 0.099999994 0.1 5334393.005127321 509.3489289243951 32689731.04880571 0.077143 0.2560603618621826 

