SR-Stab -1 -1 0 -1 -1 -1 -1 2.0 0.099999994 0.1 5334380.2781636985 504.63951203900433 32689738.76590323 0.077143 6.292425263303107 
SR-Stab -1 -1 0 -1 -1 -1 -1 2.0 0.099999994 0.1 5334380.886905459 504.6946272023306 32689745.1882894 0.077143 7.885480522615369 
SR-Stab -1 -1 0 -1 -1 -1 -1 2.0 0.099999994 0.1 5334381.4809110435 506.1271428235159 32689747.825168367 0.077143 1.4786770996514702 
SR-Stab -1 -1 0 -1 -1 -1 -1 2.0 0.099999994 0.1 5334380.989116457 504.24671921807385 32689745.208240267 0.077143 0.6613584160804749 
SR-Stab -1 -1 0 -1 -1 -1 -1 2.0 0.099999994 0.1 5334380.2124975 504.3508295782194 32689738.631923433 0.077143 0.5624141693115234 
SR-Stab -1 -1 0 -1 -1 -1 -1 2.0 0.099999994 0.1 5334380.273628023 504.1858520277128 32689738.881622072 0.077143 0.5914036867547178 
SR-Stab -1 -1 0 -1 -1 -1 -1 2.0 0.099999994 0.1 5334380.733379153 504.24773821908093 32689745.20215964 0.077143 0.5549585719605487 
SR-Stab -1 -1 0 -1 -1 -1 -1 2.0 0.099999994 0.1 5334380.870944765 504.21947822648144 32689745.30195212 0.077143 0.435000479221344 
SR-Stab -1 -1 0 -1 -1 -1 -1 2.0 0.099999994 0.1 5334380.160697726 504.24653605300045 32689738.844890352 0.077143 0.560379946873616 
SR-Stab -1 -1 0 -1 -1 -1 -1 2.0 0.099999994 0.1 5334380.87478998 504.21121219473935 32689745.070384737 0.077143 0.4061108156582885 
SR-Stab -1 -1 0 -1 -1 -1 -1 2.0 0.099999994 0.1 5334380.4359510215 504.189264095603 32689738.786639925 0.077143 0.6002269330536629 
SR-Stab -1 -1 0 -1 -1 -1 -1 2.0 0.099999994 0.1 5334380.977885989 504.2413612373457 32689745.078990694 0.077143 0.3780902922153473 

