SR-Stab -1 -1 0 -1 -1 -1 -1 2.0 0.099999994 0.1 5334432.931334863 504.5960408409372 32689785.52966356 0.077143 8.64488879848734 
SR-Stab -1 -1 0 -1 -1 -1 -1 2.0 0.099999994 0.1 5334433.300381075 504.4278758724466 32689784.092640396 0.077143 1.311107090428737 
SR-Stab -1 -1 0 -1 -1 -1 -1 2.0 0.099999994 0.1 5334432.949167143 504.30445289213804 32689786.12984514 0.077143 1.0673375129699707 
SR-Stab -1 -1 0 -1 -1 -1 -1 2.0 0.099999994 0.1 5334433.301328073 506.26117133696226 32689797.576649185 0.077143 1.0738137970749275 
SR-Stab -1 -1 0 -1 -1 -1 -1 2.0 0.099999994 0.1 5334431.35623015 504.47178989250807 32689781.722481247 0.077143 0.7228736700664907 
SR-Stab -1 -1 0 -1 -1 -1 -1 2.0 0.099999994 0.1 5334433.305784593 504.4016358812585 32689783.992386337 0.077143 0.6716656218626101 
SR-Stab -1 -1 0 -1 -1 -1 -1 2.0 0.099999994 0.1 5334432.933648954 504.0798318942323 32689785.411816116 0.077143 0.3728288412094116 
SR-Stab -1 -1 0 -1 -1 -1 -1 2.0 0.099999994 0.1 5334433.304907213 506.4255468805566 32689784.08973741 0.077143 0.3293225169181824 
SR-Stab -1 -1 0 -1 -1 -1 -1 2.0 0.099999994 0.1 5334433.035951982 504.14756792385725 32689785.586483475 0.077143 0.2965581715106964 
SR-Stab -1 -1 0 -1 -1 -1 -1 2.0 0.099999994 0.1 5334433.269371401 504.2820929249063 32689797.598303314 0.077143 0.6218119533085682 

