SR-Stab -1 -1 0 -1 -1 -1 -1 2.0 0.099999994 0.1 5334363.052499762 517.122540350577 32687320.8780137 0.077143 5.279589986479142 
SR-Stab -1 -1 0 -1 -1 -1 -1 2.0 0.099999994 0.1 5334363.350232592 517.1771178204027 32687316.112976164 0.077143 3.6626875802943917 
SR-Stab -1 -1 0 -1 -1 -1 -1 2.0 0.099999994 0.1 5334363.412823191 517.1188764530626 32687295.057380766 0.077143 1.217192904723842 
SR-Stab -1 -1 0 -1 -1 -1 -1 2.0 0.099999994 0.1 5334363.389455309 517.3761804062334 32687297.588890165 0.077143 4.273033509868028 
SR-Stab -1 -1 0 -1 -1 -1 -1 2.0 0.099999994 0.1 5334363.388884535 517.4286398846117 32687300.047660917 0.077143 2.1015725704280097 
SR-Stab -1 -1 0 -1 -1 -1 -1 2.0 0.099999994 0.1 5334363.300197115 516.809928770682 32687354.654258817 0.077143 0.7013050300455023 
SR-Stab -1 -1 0 -1 -1 -1 -1 2.0 0.099999994 0.1 5334363.009858599 516.7209048229662 32687320.783943266 0.077143 0.44229426980018616 
SR-Stab -1 -1 0 -1 -1 -1 -1 2.0 0.099999994 0.1 5334363.261506548 516.6982117849794 32687355.622104734 0.077143 0.7018333067167805 
SR-Stab -1 -1 0 -1 -1 -1 -1 2.0 0.099999994 0.1 5334363.169356814 516.7404233175722 32687320.852600187 0.077143 0.4962814748287201 
SR-Stab -1 -1 0 -1 -1 -1 -1 2.0 0.099999994 0.1 5334363.3952727225 516.8886197763887 32687354.168640226 0.077143 0.3954750597476959 
SR-Stab -1 -1 0 -1 -1 -1 -1 2.0 0.099999994 0.1 5334363.30081748 516.9046328026262 32687358.81754312 0.077143 0.3954377770423889 
SR-Stab -1 -1 0 -1 -1 -1 -1 2.0 0.099999994 0.1 5334363.013925066 516.7214467483965 32687321.01509866 0.077143 0.4731980264186859 
SR-Stab -1 -1 0 -1 -1 -1 -1 2.0 0.099999994 0.1 5334363.349141588 516.6989628035036 32687352.09586343 0.077143 0.3663349151611328 
SR-Stab -1 -1 0 -1 -1 -1 -1 2.0 0.099999994 0.1 5334363.239004126 516.6990058380571 32687354.569381803 0.077143 0.41134071350097656 
SR-Stab -1 -1 0 -1 -1 -1 -1 2.0 0.099999994 0.1 5334363.287423601 517.7313588816133 32687300.044067472 0.077143 0.2628780622091514 

