SR-Stab -1 -1 0 -1 -1 -1 -1 2.0 0.099999994 0.1 5334356.222695971 516.9607039114921 32687409.74027357 0.077143 7.667765423565017 
SR-Stab -1 -1 0 -1 -1 -1 -1 2.0 0.099999994 0.1 5334356.091566706 516.8676109334915 32687414.696026895 0.077143 4.574315791389863 
SR-Stab -1 -1 0 -1 -1 -1 -1 2.0 0.099999994 0.1 5334356.322648669 516.5945844075172 32687409.770274255 0.077143 0.6690154075622559 
SR-Stab -1 -1 0 -1 -1 -1 -1 2.0 0.099999994 0.1 5334356.120421553 516.5893843790977 32687403.173588846 0.077143 0.6778296232223511 
SR-Stab -1 -1 0 -1 -1 -1 -1 2.0 0.099999994 0.1 5334356.318241263 517.3826963326424 32687393.664685342 0.077143 3.2996613045778553 
SR-Stab -1 -1 0 -1 -1 -1 -1 2.0 0.099999994 0.1 5334356.18411603 516.6013789197891 32687414.655409906 0.077143 0.39685097336769104 
SR-Stab -1 -1 0 -1 -1 -1 -1 2.0 0.099999994 0.1 5334356.21803155 516.5705409070938 32687409.617522333 0.077143 0.3463696539402008 
SR-Stab -1 -1 0 -1 -1 -1 -1 2.0 0.099999994 0.1 5334356.128485823 516.567765893647 32687414.822701547 0.077143 0.4089945631102742 
SR-Stab -1 -1 0 -1 -1 -1 -1 2.0 0.099999994 0.1 5334356.097991133 516.5783448836296 32687409.78462133 0.077143 0.3263002932071686 
SR-Stab -1 -1 0 -1 -1 -1 -1 2.0 0.099999994 0.1 5334356.328483248 520.9670256993263 32687408.290440653 0.077143 0.31854575872421265 
SR-Stab -1 -1 0 -1 -1 -1 -1 2.0 0.099999994 0.1 5334356.326547289 520.9268974682777 32687408.45326719 0.077143 0.26478326320648193 
SR-Stab -1 -1 0 -1 -1 -1 -1 2.0 0.099999994 0.1 5334356.064238692 516.9194273373573 32687402.62215719 0.077143 0.261360764503479 

