SR-Stab -1 -1 0 -1 -1 -1 -1 2.0 0.099999994 0.1 5334363.382386416 517.5194348156753 32687146.33267181 0.077143 5.208907637741371 
SR-Stab -1 -1 0 -1 -1 -1 -1 2.0 0.099999994 0.1 5334363.3415398 517.4502352536025 32687120.96447723 0.077143 8.753879247174622 
SR-Stab -1 -1 0 -1 -1 -1 -1 2.0 0.099999994 0.1 5334363.5206618905 517.4592223227324 32687141.72810333 0.077143 4.751627096790588 
SR-Stab -1 -1 0 -1 -1 -1 -1 2.0 0.099999994 0.1 5334363.252219394 517.4018893301787 32687151.139442135 0.077143 5.903968155468623 
SR-Stab -1 -1 0 -1 -1 -1 -1 2.0 0.099999994 0.1 5334363.465576917 517.7239033043685 32687115.60080688 0.077143 6.755730231683194 
SR-Stab -1 -1 0 -1 -1 -1 -1 2.0 0.099999994 0.1 5334363.608625919 517.2236323416533 32687137.09400909 0.077143 1.7147283100882247 
SR-Stab -1 -1 0 -1 -1 -1 -1 2.0 0.099999994 0.1 5334363.209206909 517.073198324472 32687126.87072723 0.077143 1.2364224954168104 
SR-Stab -1 -1 0 -1 -1 -1 -1 2.0 0.099999994 0.1 5334363.388179421 517.126076823503 32687115.649001766 0.077143 0.8916970454618602 
SR-Stab -1 -1 0 -1 -1 -1 -1 2.0 0.099999994 0.1 5334363.6045008 517.133535271913 32687115.58115356 0.077143 0.5235415697097778 
SR-Stab -1 -1 0 -1 -1 -1 -1 2.0 0.099999994 0.1 5334363.522483915 517.044405823976 32687141.635177303 0.077143 0.6733603223307151 
SR-Stab -1 -1 0 -1 -1 -1 -1 2.0 0.099999994 0.1 5334363.501750946 517.0309692681136 32687146.33127563 0.077143 0.4576977789402008 
SR-Stab -1 -1 0 -1 -1 -1 -1 2.0 0.099999994 0.1 5334363.342835456 517.0490542710128 32687146.45577972 0.077143 0.5884363651275635 
SR-Stab -1 -1 0 -1 -1 -1 -1 2.0 0.099999994 0.1 5334363.286585912 517.0849192798438 32687120.87085693 0.077143 0.5277683138847351 
SR-Stab -1 -1 0 -1 -1 -1 -1 2.0 0.099999994 0.1 5334363.518728882 517.1364283025565 32687115.474769283 0.077143 0.4236522316932678 
SR-Stab -1 -1 0 -1 -1 -1 -1 2.0 0.099999994 0.1 5334363.243171856 517.0368918240371 32687146.339011837 0.077143 0.5340464115142822 
SR-Stab -1 -1 0 -1 -1 -1 -1 2.0 0.099999994 0.1 5334363.368971407 517.0154618084731 32687146.21344726 0.077143 0.5668217862191166 
SR-Stab -1 -1 0 -1 -1 -1 -1 2.0 0.099999994 0.1 5334363.302198857 517.0705202877822 32687126.95463531 0.077143 0.3497825860977173 
SR-Stab -1 -1 0 -1 -1 -1 -1 2.0 0.099999994 0.1 5334363.6025289 517.0569553435149 32687141.842788387 0.077143 0.339773565530777 
SR-Stab -1 -1 0 -1 -1 -1 -1 2.0 0.099999994 0.1 5334363.449177891 517.0757862985434 32687121.00100677 0.077143 0.3349968194961548 
SR-Stab -1 -1 0 -1 -1 -1 -1 2.0 0.099999994 0.1 5334363.596165031 517.0822203219237 32687115.693145443 0.077143 0.3306771516799927 
SR-Stab -1 -1 0 -1 -1 -1 -1 2.0 0.099999994 0.1 5334363.393203884 517.0634863436522 32687141.73754852 0.077143 0.25988706946372986 

