SR-Stab -1 -1 0 -1 -1 -1 -1 2.0 0.099999994 0.1 5334363.647978872 517.3776012718978 32687137.09439819 0.077143 5.114816537369901 
SR-Stab -1 -1 0 -1 -1 -1 -1 2.0 0.099999994 0.1 5334363.813322395 517.5060892165008 32687131.85625427 0.077143 4.4688244854683505 
SR-Stab -1 -1 0 -1 -1 -1 -1 2.0 0.099999994 0.1 5334363.952814966 517.4625432551207 32687126.49646728 0.077143 9.053632402137755 
SR-Stab -1 -1 0 -1 -1 -1 -1 2.0 0.099999994 0.1 5334363.628853947 517.0638142884078 32687136.986571956 0.077143 0.524595292760166 
SR-Stab -1 -1 0 -1 -1 -1 -1 2.0 0.099999994 0.1 5334363.9817994535 517.2498987973037 32687116.081130672 0.077143 1.3335097557715128 
SR-Stab -1 -1 0 -1 -1 -1 -1 2.0 0.099999994 0.1 5334363.794900984 517.0679223001304 32687131.769630123 0.077143 0.46598304409383856 
SR-Stab -1 -1 0 -1 -1 -1 -1 2.0 0.099999994 0.1 5334363.701156884 517.0610982835593 32687131.871658016 0.077143 0.41793063282966614 
SR-Stab -1 -1 0 -1 -1 -1 -1 2.0 0.099999994 0.1 5334363.926101834 517.0821912944617 32687126.350097347 0.077143 0.33925482630729675 
SR-Stab -1 -1 0 -1 -1 -1 -1 2.0 0.099999994 0.1 5334363.786370903 517.0643903076949 32687131.967330623 0.077143 0.3264990448951721 
SR-Stab -1 -1 0 -1 -1 -1 -1 2.0 0.099999994 0.1 5334363.980307907 517.5418683350387 32687116.612952877 0.077143 0.2857261896133423 

