SR-Stab -1 -1 0 -1 -1 -1 -1 2.0 0.099999994 0.1 5334363.041769002 517.3960672676864 32687131.52999847 0.077143 6.394688339744329 
SR-Stab -1 -1 0 -1 -1 -1 -1 2.0 0.099999994 0.1 5334363.170098834 517.5289893210235 32687126.86983459 0.077143 6.221942307964784 
SR-Stab -1 -1 0 -1 -1 -1 -1 2.0 0.099999994 0.1 5334363.154986903 517.6255792439284 32687155.14756744 0.077143 5.417304178014276 
SR-Stab -1 -1 0 -1 -1 -1 -1 2.0 0.099999994 0.1 5334362.8877514005 517.598533397943 32687136.855155636 0.077143 7.789648926022437 
SR-Stab -1 -1 0 -1 -1 -1 -1 2.0 0.099999994 0.1 5334362.980936393 517.2963463127913 32687160.52301376 0.077143 4.14838037605526 
SR-Stab -1 -1 0 -1 -1 -1 -1 2.0 0.099999994 0.1 5334363.042340912 517.317134743959 32687150.120967556 0.077143 1.4145485546937175 
SR-Stab -1 -1 0 -1 -1 -1 -1 2.0 0.099999994 0.1 5334363.091183922 517.0407043159308 32687160.61314361 0.077143 0.430789589881897 
SR-Stab -1 -1 0 -1 -1 -1 -1 2.0 0.099999994 0.1 5334363.067901976 517.0364812672439 32687160.427856136 0.077143 0.40614092350006104 
SR-Stab -1 -1 0 -1 -1 -1 -1 2.0 0.099999994 0.1 5334362.8984558135 517.086879259378 32687131.523765255 0.077143 0.3965398371219635 
SR-Stab -1 -1 0 -1 -1 -1 -1 2.0 0.099999994 0.1 5334363.176417984 517.0731352627578 32687131.57524841 0.077143 0.38651198148727417 
SR-Stab -1 -1 0 -1 -1 -1 -1 2.0 0.099999994 0.1 5334363.155836403 517.0733178317847 32687126.749068905 0.077143 0.4813919861283824 
SR-Stab -1 -1 0 -1 -1 -1 -1 2.0 0.099999994 0.1 5334362.980560914 517.0345053136649 32687160.678977657 0.077143 0.3808921277523041 
SR-Stab -1 -1 0 -1 -1 -1 -1 2.0 0.099999994 0.1 5334363.035498921 517.0546428025069 32687155.2225415 0.077143 0.45425160292467337 
SR-Stab -1 -1 0 -1 -1 -1 -1 2.0 0.099999994 0.1 5334363.0296719 517.0544452727141 32687155.11783569 0.077143 0.32018623078690966 
SR-Stab -1 -1 0 -1 -1 -1 -1 2.0 0.099999994 0.1 5334362.85415189 517.0382843077483 32687160.484733272 0.077143 0.3464814062971932 
SR-Stab -1 -1 0 -1 -1 -1 -1 2.0 0.099999994 0.1 5334363.0057639405 517.0423523247542 32687131.41874664 0.077143 0.27473053336143494 
SR-Stab -1 -1 0 -1 -1 -1 -1 2.0 0.099999994 0.1 5334363.171548955 517.0811612665954 32687127.04110687 0.077143 0.2541879415512085 

