SR-Stab -1 -1 0 -1 -1 -1 -1 2.0 0.099999994 0.1 5334359.713897053 517.1361959290504 32687411.80748793 0.077143 5.986858518613993 
SR-Stab -1 -1 0 -1 -1 -1 -1 2.0 0.099999994 0.1 5334359.648200665 516.9295889449119 32687417.766334977 0.077143 5.511844376725118 
SR-Stab -1 -1 0 -1 -1 -1 -1 2.0 0.099999994 0.1 5334359.470749114 516.7193589520454 32687411.052544083 0.077143 1.4446835131210858 
SR-Stab -1 -1 0 -1 -1 -1 -1 2.0 0.099999994 0.1 5334359.7372440435 517.4618668866157 32687424.373085465 0.077143 1.858857391845477 
SR-Stab -1 -1 0 -1 -1 -1 -1 2.0 0.099999994 0.1 5334359.487895463 516.8037869644164 32687411.194038834 0.077143 0.8382006436730634 
SR-Stab -1 -1 0 -1 -1 -1 -1 2.0 0.099999994 0.1 5334359.716072444 516.5697739434241 32687417.850174394 0.077143 0.4538134255007037 
SR-Stab -1 -1 0 -1 -1 -1 -1 2.0 0.099999994 0.1 5334359.711053882 516.5518974375724 32687417.635277238 0.077143 0.4714521243279771 
SR-Stab -1 -1 0 -1 -1 -1 -1 2.0 0.099999994 0.1 5334359.542912874 516.5582279276847 32687417.690407243 0.077143 0.3280790150165558 
SR-Stab -1 -1 0 -1 -1 -1 -1 2.0 0.099999994 0.1 5334359.540822122 516.558011920452 32687417.86409041 0.077143 0.3047240376472473 

