SR-Stab -1 -1 0 -1 -1 -1 -1 2.0 0.099999994 0.1 5334356.079650853 516.9670999360084 32687414.69850966 0.077143 9.6654315632638 
SR-Stab -1 -1 0 -1 -1 -1 -1 2.0 0.099999994 0.1 5334356.199978564 516.9803453993796 32687409.718498673 0.077143 1.897143444039549 
SR-Stab -1 -1 0 -1 -1 -1 -1 2.0 0.099999994 0.1 5334355.782455895 516.6776219320296 32687425.4904637 0.077143 1.2958179992498258 
SR-Stab -1 -1 0 -1 -1 -1 -1 2.0 0.099999994 0.1 5334355.789916012 516.544666917324 32687426.45780989 0.077143 1.0730766541398624 
SR-Stab -1 -1 0 -1 -1 -1 -1 2.0 0.099999994 0.1 5334356.189730141 516.5917129230498 32687414.676033463 0.077143 0.5156760811805725 
SR-Stab -1 -1 0 -1 -1 -1 -1 2.0 0.099999994 0.1 5334356.180063222 517.3294468235969 32687454.828319993 0.077143 3.093048029917041 
SR-Stab -1 -1 0 -1 -1 -1 -1 2.0 0.099999994 0.1 5334356.100111935 516.2402054977416 32687473.9799523 0.077143 1.4055030522279446 
SR-Stab -1 -1 0 -1 -1 -1 -1 2.0 0.099999994 0.1 5334355.892454598 516.5432368826865 32687425.499313798 0.077143 0.6773547158055228 
SR-Stab -1 -1 0 -1 -1 -1 -1 2.0 0.099999994 0.1 5334355.798707936 517.8190390181541 32687488.69812199 0.077143 1.0192707508007242 
SR-Stab -1 -1 0 -1 -1 -1 -1 2.0 0.099999994 0.1 5334355.833708737 516.5225714159011 32687425.618767228 0.077143 0.4813156141825428 
SR-Stab -1 -1 0 -1 -1 -1 -1 2.0 0.099999994 0.1 5334355.793492768 516.561331899166 32687414.03406569 0.077143 0.35376474261283875 
SR-Stab -1 -1 0 -1 -1 -1 -1 2.0 0.099999994 0.1 5334356.189684365 516.6693159651755 32687457.335686173 0.077143 0.3495708107948303 
SR-Stab -1 -1 0 -1 -1 -1 -1 2.0 0.099999994 0.1 5334355.869640801 516.5459319067 32687425.37201735 0.077143 0.26834842562675476 
SR-Stab -1 -1 0 -1 -1 -1 -1 2.0 0.099999994 0.1 5334356.183914397 520.233903915882 32687455.506569352 0.077143 0.2605014741420746 
SR-Stab -1 -1 0 -1 -1 -1 -1 2.0 0.099999994 0.1 5334355.851640675 516.54082593441 32687426.535110917 0.077143 0.2598327696323395 

