SR-Stab -1 -1 0 -1 -1 -1 -1 2.0 0.099999994 0.1 5334364.5524674915 517.4155463064438 32687078.92997702 0.077143 4.38142931174671 
SR-Stab -1 -1 0 -1 -1 -1 -1 2.0 0.099999994 0.1 5334364.544902947 517.5805662954575 32687105.864242155 0.077143 7.060369612424987 
SR-Stab -1 -1 0 -1 -1 -1 -1 2.0 0.099999994 0.1 5334364.6934289 517.4874763572938 32687100.582390387 0.077143 8.8077716533917 
SR-Stab -1 -1 0 -1 -1 -1 -1 2.0 0.099999994 0.1 5334364.258259084 517.5360902632004 32687089.578223784 0.077143 9.374847694778028 
SR-Stab -1 -1 0 -1 -1 -1 -1 2.0 0.099999994 0.1 5334364.883168962 517.5911598289734 32687067.479674894 0.077143 6.136153643193243 
SR-Stab -1 -1 0 -1 -1 -1 -1 2.0 0.099999994 0.1 5334364.402940538 517.4256993616349 32687084.24497946 0.077143 5.047901273053138 
SR-Stab -1 -1 0 -1 -1 -1 -1 2.0 0.099999994 0.1 5334364.835778024 517.5130822742707 32687095.25482138 0.077143 7.825989992520124 
SR-Stab -1 -1 0 -1 -1 -1 -1 2.0 0.099999994 0.1 5334364.719591524 517.514264830423 32687073.522986967 0.077143 6.48277093468062 
SR-Stab -1 -1 0 -1 -1 -1 -1 2.0 0.099999994 0.1 5334364.387821939 517.5103358114487 32687111.202013213 0.077143 5.517141552443498 
SR-Stab -1 -1 0 -1 -1 -1 -1 2.0 0.099999994 0.1 5334364.476291563 517.5000013793236 32687073.210647184 0.077143 1.247360301624931 
SR-Stab -1 -1 0 -1 -1 -1 -1 2.0 0.099999994 0.1 5334364.368254688 517.8549172962433 32687073.17227133 0.077143 0.7946195031540872 
SR-Stab -1 -1 0 -1 -1 -1 -1 2.0 0.099999994 0.1 5334364.804858949 517.1242333138711 32687095.36090048 0.077143 0.9575799329247152 
SR-Stab -1 -1 0 -1 -1 -1 -1 2.0 0.099999994 0.1 5334364.561229136 517.1640508259064 32687077.53427084 0.077143 0.8592399794658672 
SR-Stab -1 -1 0 -1 -1 -1 -1 2.0 0.099999994 0.1 5334364.486377981 517.1423553312546 32687111.21643119 0.077143 0.5171048045158386 
SR-Stab -1 -1 0 -1 -1 -1 -1 2.0 0.099999994 0.1 5334364.888560679 517.8103828514344 32687076.345710356 0.077143 1.3819022692217016 
SR-Stab -1 -1 0 -1 -1 -1 -1 2.0 0.099999994 0.1 5334364.3266340755 517.1349502886063 32687089.68550833 0.077143 0.5139363408088684 
SR-Stab -1 -1 0 -1 -1 -1 -1 2.0 0.099999994 0.1 5334364.8139379285 517.1216713274247 32687100.571045477 0.077143 0.7116682969313161 
SR-Stab -1 -1 0 -1 -1 -1 -1 2.0 0.099999994 0.1 5334364.513407495 517.1209487999207 32687105.737700064 0.077143 0.689005594131685 
SR-Stab -1 -1 0 -1 -1 -1 -1 2.0 0.099999994 0.1 5334364.62154248 517.1142097795731 32687100.644157965 0.077143 0.5974467992782593 
SR-Stab -1 -1 0 -1 -1 -1 -1 2.0 0.099999994 0.1 5334364.2447104715 517.1511827791459 32687089.41220053 0.077143 0.524792428933298 
SR-Stab -1 -1 0 -1 -1 -1 -1 2.0 0.099999994 0.1 5334364.227359917 517.1491162861115 32687089.76622923 0.077143 0.44120165705680847 
SR-Stab -1 -1 0 -1 -1 -1 -1 2.0 0.099999994 0.1 5334364.87821677 517.2170108640915 32687073.581245024 0.077143 0.43830302357673645 
SR-Stab -1 -1 0 -1 -1 -1 -1 2.0 0.099999994 0.1 5334364.476018455 517.1208198154694 32687105.973920424 0.077143 0.6058871768609156 
SR-Stab -1 -1 0 -1 -1 -1 -1 2.0 0.099999994 0.1 5334364.417680647 517.1518588746316 32687077.556647856 0.077143 0.4291079640388489 
SR-Stab -1 -1 0 -1 -1 -1 -1 2.0 0.099999994 0.1 5334364.678053524 517.1655998314149 32687077.49219473 0.077143 0.4259336590766907 
SR-Stab -1 -1 0 -1 -1 -1 -1 2.0 0.099999994 0.1 5334364.817580964 517.1224082792527 32687100.676246244 0.077143 0.5708700914677729 
SR-Stab -1 -1 0 -1 -1 -1 -1 2.0 0.099999994 0.1 5334364.433109906 517.1110782707459 32687105.87412222 0.077143 0.4128832221031189 
SR-Stab -1 -1 0 -1 -1 -1 -1 2.0 0.099999994 0.1 5334364.659737971 517.1231843317277 32687100.717380125 0.077143 0.41263115406036377 
SR-Stab -1 -1 0 -1 -1 -1 -1 2.0 0.099999994 0.1 5334364.735450055 517.1587429130799 32687073.62705191 0.077143 0.5221508145332336 
SR-Stab -1 -1 0 -1 -1 -1 -1 2.0 0.099999994 0.1 5334364.642880704 517.2003708565957 32687079.058326323 0.077143 0.859671490660705 
SR-Stab -1 -1 0 -1 -1 -1 -1 2.0 0.099999994 0.1 5334364.415194657 517.144027837587 32687084.10686453 0.077143 0.4043305516242981 
SR-Stab -1 -1 0 -1 -1 -1 -1 2.0 0.099999994 0.1 5334364.71490195 517.1020147884614 32687100.42978247 0.077143 0.5428143642241853 
SR-Stab -1 -1 0 -1 -1 -1 -1 2.0 0.099999994 0.1 5334364.6103635095 517.419995852781 32687073.196433622 0.077143 0.38358429074287415 
SR-Stab -1 -1 0 -1 -1 -1 -1 2.0 0.099999994 0.1 5334364.758122709 517.1956118429429 32687067.52698477 0.077143 0.37805768847465515 
SR-Stab -1 -1 0 -1 -1 -1 -1 2.0 0.099999994 0.1 5334364.325710561 517.1320668543107 32687084.34920462 0.077143 0.375797837972641 
SR-Stab -1 -1 0 -1 -1 -1 -1 2.0 0.099999994 0.1 5334364.402990606 517.1847338760621 32687078.907447416 0.077143 0.3737355172634125 
SR-Stab -1 -1 0 -1 -1 -1 -1 2.0 0.099999994 0.1 5334364.689680364 517.1088683093316 32687105.860797483 0.077143 0.576379342146851 
SR-Stab -1 -1 0 -1 -1 -1 -1 2.0 0.099999994 0.1 5334364.858815696 517.1699558580643 32687067.624549467 0.077143 0.34237220883369446 
SR-Stab -1 -1 0 -1 -1 -1 -1 2.0 0.099999994 0.1 5334364.85878494 517.1060623014695 32687095.117431242 0.077143 0.7430829963124452 
SR-Stab -1 -1 0 -1 -1 -1 -1 2.0 0.099999994 0.1 5334364.745198991 517.1741448724991 32687073.39314993 0.077143 0.4027737704588632 
SR-Stab -1 -1 0 -1 -1 -1 -1 2.0 0.099999994 0.1 5334364.6680516265 517.1397688472993 32687078.82285269 0.077143 0.28983667492866516 
SR-Stab -1 -1 0 -1 -1 -1 -1 2.0 0.099999994 0.1 5334364.548182633 517.1612018430955 32687078.77307852 0.077143 0.266384521675472 

