SR-Stab -1 -1 0 -1 -1 -1 -1 2.0 0.099999994 0.1 5334361.816216879 516.9461232697413 32687320.773899157 0.077143 4.635482277827105 
SR-Stab -1 -1 0 -1 -1 -1 -1 2.0 0.099999994 0.1 5334361.882800512 516.9913627778933 32687315.95938881 0.077143 5.091995418137806 
SR-Stab -1 -1 0 -1 -1 -1 -1 2.0 0.099999994 0.1 5334361.474872045 517.2785772954867 32687362.01543053 0.077143 5.816614383257995 
SR-Stab -1 -1 0 -1 -1 -1 -1 2.0 0.099999994 0.1 5334361.322983675 516.7312582408831 32687379.934331257 0.077143 1.6363998250307508 
SR-Stab -1 -1 0 -1 -1 -1 -1 2.0 0.099999994 0.1 5334361.798988275 516.9831522380755 32687326.334812243 0.077143 1.1982260440649217 
SR-Stab -1 -1 0 -1 -1 -1 -1 2.0 0.099999994 0.1 5334361.743390016 516.7339137470171 32687320.86128624 0.077143 0.6478745528265889 
SR-Stab -1 -1 0 -1 -1 -1 -1 2.0 0.099999994 0.1 5334361.786210947 516.7698123132632 32687332.881301958 0.077143 1.19107864361548 
SR-Stab -1 -1 0 -1 -1 -1 -1 2.0 0.099999994 0.1 5334361.370431833 517.2787722026751 32687377.650098402 0.077143 2.5295321726331856 
SR-Stab -1 -1 0 -1 -1 -1 -1 2.0 0.099999994 0.1 5334361.946491174 516.7196587597773 32687320.78946312 0.077143 0.5821213126182556 
SR-Stab -1 -1 0 -1 -1 -1 -1 2.0 0.099999994 0.1 5334361.862197809 516.7236392771647 32687316.096023638 0.077143 0.5753923296245959 
SR-Stab -1 -1 0 -1 -1 -1 -1 2.0 0.099999994 0.1 5334361.642355375 516.7761507903979 32687320.77531441 0.077143 0.35523441433906555 
SR-Stab -1 -1 0 -1 -1 -1 -1 2.0 0.099999994 0.1 5334361.779618673 516.7263987934039 32687332.745475847 0.077143 0.29391592741012573 
SR-Stab -1 -1 0 -1 -1 -1 -1 2.0 0.099999994 0.1 5334361.904868536 516.7201307689593 32687320.934860308 0.077143 0.2874634861946106 
SR-Stab -1 -1 0 -1 -1 -1 -1 2.0 0.099999994 0.1 5334361.430384092 516.7128747975275 32687377.661085207 0.077143 0.26319343048053 

