SR-Stab -1 -1 0 -1 -1 -1 -1 2.0 0.099999994 0.1 5334355.580154986 517.0631264049526 32687393.88665333 0.077143 5.5503262247533725 
SR-Stab -1 -1 0 -1 -1 -1 -1 2.0 0.099999994 0.1 5334356.203986735 516.9624939758297 32687409.7196826 0.077143 4.918363191465689 
SR-Stab -1 -1 0 -1 -1 -1 -1 2.0 0.099999994 0.1 5334356.069003911 517.0211634237286 32687414.69858065 0.077143 4.608351092286186 
SR-Stab -1 -1 0 -1 -1 -1 -1 2.0 0.099999994 0.1 5334355.439648957 517.2342613536831 32687399.19198933 0.077143 8.426520946230134 
SR-Stab -1 -1 0 -1 -1 -1 -1 2.0 0.099999994 0.1 5334356.186481089 516.6030484039303 32687414.66962328 0.077143 0.7450575887450074 
SR-Stab -1 -1 0 -1 -1 -1 -1 2.0 0.099999994 0.1 5334355.69519052 516.624766905975 32687393.91429844 0.077143 0.48091211915016174 
SR-Stab -1 -1 0 -1 -1 -1 -1 2.0 0.099999994 0.1 5334356.07998404 516.5672989089009 32687414.605075743 0.077143 0.46438154578208923 
SR-Stab -1 -1 0 -1 -1 -1 -1 2.0 0.099999994 0.1 5334355.5438745925 516.6473759014126 32687399.23775616 0.077143 0.4390538917460391 
SR-Stab -1 -1 0 -1 -1 -1 -1 2.0 0.099999994 0.1 5334356.205027671 520.8585317928311 32687412.45468655 0.077143 0.8420717554475321 
SR-Stab -1 -1 0 -1 -1 -1 -1 2.0 0.099999994 0.1 5334356.203116746 520.872987111282 32687412.52185097 0.077143 0.38843072174746 
SR-Stab -1 -1 0 -1 -1 -1 -1 2.0 0.099999994 0.1 5334356.17620811 516.5691378910061 32687409.827809718 0.077143 0.3848544657230377 
SR-Stab -1 -1 0 -1 -1 -1 -1 2.0 0.099999994 0.1 5334355.95180902 516.5626239377972 32687414.6847662 0.077143 0.5289687514305115 
SR-Stab -1 -1 0 -1 -1 -1 -1 2.0 0.099999994 0.1 5334355.602788539 516.6223539311405 32687394.034713175 0.077143 0.3727654814720154 
SR-Stab -1 -1 0 -1 -1 -1 -1 2.0 0.099999994 0.1 5334355.415582986 516.632505913448 32687393.860391047 0.077143 0.4394069015979767 
SR-Stab -1 -1 0 -1 -1 -1 -1 2.0 0.099999994 0.1 5334356.206252427 519.2042239505764 32687396.89314976 0.077143 0.33468618988990784 
SR-Stab -1 -1 0 -1 -1 -1 -1 2.0 0.099999994 0.1 5334356.2076827 516.593869944286 32687395.59211674 0.077143 0.25008630752563477 

