SR-Stab -1 -1 0 -1 -1 -1 -1 2.0 0.099999994 0.1 5334366.585537937 517.6988333547837 32687035.188819487 0.077143 4.78230386678515 
SR-Stab -1 -1 0 -1 -1 -1 -1 2.0 0.099999994 0.1 5334366.726424541 517.6939108455903 32687029.82208975 0.077143 5.412225522622566 
SR-Stab -1 -1 0 -1 -1 -1 -1 2.0 0.099999994 0.1 5334366.454849508 517.5457538450486 32687040.578216154 0.077143 5.017790819023093 
SR-Stab -1 -1 0 -1 -1 -1 -1 2.0 0.099999994 0.1 5334366.651926544 517.2424368942505 32687035.086989958 0.077143 0.5123273730278015 
SR-Stab -1 -1 0 -1 -1 -1 -1 2.0 0.099999994 0.1 5334366.469169524 517.2176988209015 32687040.67490347 0.077143 0.4313068985939026 
SR-Stab -1 -1 0 -1 -1 -1 -1 2.0 0.099999994 0.1 5334366.353878554 517.2219808185822 32687040.67452963 0.077143 0.4142862856388092 
SR-Stab -1 -1 0 -1 -1 -1 -1 2.0 0.099999994 0.1 5334366.3606665395 517.2173998440034 32687040.48134573 0.077143 0.40239018201828003 
SR-Stab -1 -1 0 -1 -1 -1 -1 2.0 0.099999994 0.1 5334366.671468582 517.2493018592126 32687035.293807585 0.077143 0.401860773563385 
SR-Stab -1 -1 0 -1 -1 -1 -1 2.0 0.099999994 0.1 5334366.479392495 517.233092852903 32687035.141059477 0.077143 0.386224627494812 
SR-Stab -1 -1 0 -1 -1 -1 -1 2.0 0.099999994 0.1 5334366.516365554 517.2325378740555 32687035.298827726 0.077143 0.37437915802001953 

