SR-Stab -1 -1 0 -1 -1 -1 -1 2.0 0.099999994 0.1 5334365.991325613 517.4639083231217 32687029.613486845 0.077143 4.228535991712202 
SR-Stab -1 -1 0 -1 -1 -1 -1 2.0 0.099999994 0.1 5334366.137314554 517.6679093921906 32687024.30597647 0.077143 4.60675436280825 
SR-Stab -1 -1 0 -1 -1 -1 -1 2.0 0.099999994 0.1 5334366.101387557 517.605431803537 32687051.88360556 0.077143 4.562131672636545 
SR-Stab -1 -1 0 -1 -1 -1 -1 2.0 0.099999994 0.1 5334366.246470537 517.60456884749 32687019.69568594 0.077143 4.450889126949404 
SR-Stab -1 -1 0 -1 -1 -1 -1 2.0 0.099999994 0.1 5334365.939788548 517.5577752674347 32687057.218608458 0.077143 6.326813052037582 
SR-Stab -1 -1 0 -1 -1 -1 -1 2.0 0.099999994 0.1 5334366.280015495 517.6047058189637 32687046.575057585 0.077143 5.421284356785346 
SR-Stab -1 -1 0 -1 -1 -1 -1 2.0 0.099999994 0.1 5334366.226867434 517.405713864637 32687019.791640837 0.077143 0.5542112502621412 
SR-Stab -1 -1 0 -1 -1 -1 -1 2.0 0.099999994 0.1 5334366.2198975645 517.2384028518921 32687051.8912731 0.077143 0.5245199203491211 
SR-Stab -1 -1 0 -1 -1 -1 -1 2.0 0.099999994 0.1 5334366.246472504 517.2380388463265 32687046.495269377 0.077143 0.503248923121711 
SR-Stab -1 -1 0 -1 -1 -1 -1 2.0 0.099999994 0.1 5334365.963339448 517.3258628929383 32687021.978927214 0.077143 1.120452778997483 
SR-Stab -1 -1 0 -1 -1 -1 -1 2.0 0.099999994 0.1 5334365.963173522 517.2707058275467 32687029.49320181 0.077143 0.4500357508659363 
SR-Stab -1 -1 0 -1 -1 -1 -1 2.0 0.099999994 0.1 5334366.133952539 517.1911388719803 32687051.770331938 0.077143 0.4470072388648987 
SR-Stab -1 -1 0 -1 -1 -1 -1 2.0 0.099999994 0.1 5334366.343879487 517.3829138363129 32687019.77082022 0.077143 0.4409846067428589 
SR-Stab -1 -1 0 -1 -1 -1 -1 2.0 0.099999994 0.1 5334366.051388036 517.2053098762757 32687057.20098074 0.077143 0.5631023645401001 
SR-Stab -1 -1 0 -1 -1 -1 -1 2.0 0.099999994 0.1 5334366.251367476 517.3295518244034 32687024.384940702 0.077143 0.42724329233169556 
SR-Stab -1 -1 0 -1 -1 -1 -1 2.0 0.099999994 0.1 5334365.991851557 517.175975867582 32687057.088752348 0.077143 0.607678897084818 
SR-Stab -1 -1 0 -1 -1 -1 -1 2.0 0.099999994 0.1 5334366.124854546 517.2829038584954 32687029.597579557 0.077143 0.3480982184410095 
SR-Stab -1 -1 0 -1 -1 -1 -1 2.0 0.099999994 0.1 5334366.266018536 517.3854548419243 32687019.571158964 0.077143 0.49361470302772353 
SR-Stab -1 -1 0 -1 -1 -1 -1 2.0 0.099999994 0.1 5334366.128072631 517.3240488851792 32687024.197669584 0.077143 0.3014685809612274 
SR-Stab -1 -1 0 -1 -1 -1 -1 2.0 0.099999994 0.1 5334366.327337559 517.2381948316819 32687051.88283499 0.077143 0.25967904925346375 
SR-Stab -1 -1 0 -1 -1 -1 -1 2.0 0.099999994 0.1 5334365.988972556 517.1900688493973 32687057.385131437 0.077143 0.25667521357536316 

