SR-Stab -1 -1 0 -1 -1 -1 -1 2.0 0.099999994 0.1 5334359.646500731 516.8819643876045 32687417.76544771 0.077143 5.527193140086726 
SR-Stab -1 -1 0 -1 -1 -1 -1 2.0 0.099999994 0.1 5334359.756025219 517.1228699109047 32687424.362277243 0.077143 4.589398001432321 
SR-Stab -1 -1 0 -1 -1 -1 -1 2.0 0.099999994 0.1 5334359.716199303 517.1909269711464 32687411.81923685 0.077143 7.309438407227637 
SR-Stab -1 -1 0 -1 -1 -1 -1 2.0 0.099999994 0.1 5334359.375186587 516.7535899302452 32687418.910195444 0.077143 1.5865608868311185 
SR-Stab -1 -1 0 -1 -1 -1 -1 2.0 0.099999994 0.1 5334359.3233987335 516.5854254385918 32687418.84227285 0.077143 0.7470090958519482 
SR-Stab -1 -1 0 -1 -1 -1 -1 2.0 0.099999994 0.1 5334359.667630339 516.6027209183662 32687411.739864442 0.077143 0.4812513296128583 
SR-Stab -1 -1 0 -1 -1 -1 -1 2.0 0.099999994 0.1 5334359.528343344 516.5806559345215 32687417.762744043 0.077143 0.43831273913383484 
SR-Stab -1 -1 0 -1 -1 -1 -1 2.0 0.099999994 0.1 5334359.68895855 516.5478119275062 32687417.855486963 0.077143 0.4345051050186157 
SR-Stab -1 -1 0 -1 -1 -1 -1 2.0 0.099999994 0.1 5334359.813728953 520.3146948239296 32687423.249137256 0.077143 0.3898591995239258 
SR-Stab -1 -1 0 -1 -1 -1 -1 2.0 0.099999994 0.1 5334359.468577767 516.7662249228447 32687411.041879747 0.077143 0.3867274522781372 
SR-Stab -1 -1 0 -1 -1 -1 -1 2.0 0.099999994 0.1 5334359.695465231 516.5509709140747 32687417.609419916 0.077143 0.3197246491909027 
SR-Stab -1 -1 0 -1 -1 -1 -1 2.0 0.099999994 0.1 5334359.719536686 516.7554343363731 32687402.21187887 0.077143 0.3109072148799896 

