SR-Stab -1 -1 0 -1 -1 -1 -1 2.0 0.099999994 0.1 5334354.822498412 516.9902533602713 32687421.18511172 0.077143 5.392998384353829 
SR-Stab -1 -1 0 -1 -1 -1 -1 2.0 0.099999994 0.1 5334355.420033545 516.7092588257788 32687462.46560641 0.077143 2.7898156205322855 
SR-Stab -1 -1 0 -1 -1 -1 -1 2.0 0.099999994 0.1 5334355.497465224 516.8979278516767 32687460.541061122 0.077143 2.8937047119583443 
SR-Stab -1 -1 0 -1 -1 -1 -1 2.0 0.099999994 0.1 5334355.4861989925 516.6390628528593 32687460.379882533 0.077143 1.0219706196058551 
SR-Stab -1 -1 0 -1 -1 -1 -1 2.0 0.099999994 0.1 5334354.804989905 516.760284335613 32687475.98007937 0.077143 1.1261514775275345 
SR-Stab -1 -1 0 -1 -1 -1 -1 2.0 0.099999994 0.1 5334355.37116632 516.6308898639677 32687462.610099513 0.077143 0.5262508192031907 
SR-Stab -1 -1 0 -1 -1 -1 -1 2.0 0.099999994 0.1 5334355.253704161 516.6700018358229 32687448.39881106 0.077143 0.6566213288261205 
SR-Stab -1 -1 0 -1 -1 -1 -1 2.0 0.099999994 0.1 5334355.362144561 516.6214388322828 32687460.480380733 0.077143 0.5736289922777323 
SR-Stab -1 -1 0 -1 -1 -1 -1 2.0 0.099999994 0.1 5334355.280820937 516.5985353899 32687462.410850246 0.077143 0.47019025683403015 
SR-Stab -1 -1 0 -1 -1 -1 -1 2.0 0.099999994 0.1 5334354.936786742 516.7916738700865 32687425.850867946 0.077143 0.34867796301841736 
SR-Stab -1 -1 0 -1 -1 -1 -1 2.0 0.099999994 0.1 5334355.429391951 516.6132978510855 32687462.32569476 0.077143 0.5229268636581074 
SR-Stab -1 -1 0 -1 -1 -1 -1 2.0 0.099999994 0.1 5334354.957049937 516.7192098808287 32687421.25380679 0.077143 0.3286466598510742 
SR-Stab -1 -1 0 -1 -1 -1 -1 2.0 0.099999994 0.1 5334355.503087134 518.4557587814329 32687421.917808253 0.077143 0.3276057839393616 
SR-Stab -1 -1 0 -1 -1 -1 -1 2.0 0.099999994 0.1 5334355.50062284 516.6448608350752 32687460.677093226 0.077143 0.5570923992016856 
SR-Stab -1 -1 0 -1 -1 -1 -1 2.0 0.099999994 0.1 5334355.449992747 516.6117078375814 32687462.63306399 0.077143 0.2758289560224218 

