SR-Stab -1 -1 0 -1 -1 -1 -1 2.0 0.099999994 0.1 5334365.471668061 517.5942008579499 32687073.908752043 0.077143 4.985527148641185 
SR-Stab -1 -1 0 -1 -1 -1 -1 2.0 0.099999994 0.1 5334365.510064628 517.7084708297974 32687046.20856436 0.077143 7.481035509239612 
SR-Stab -1 -1 0 -1 -1 -1 -1 2.0 0.099999994 0.1 5334365.830607433 517.6989379013306 32687034.913222868 0.077143 9.409125583959193 
SR-Stab -1 -1 0 -1 -1 -1 -1 2.0 0.099999994 0.1 5334365.655928519 517.4956348622567 32687067.938941557 0.077143 5.028930195882598 
SR-Stab -1 -1 0 -1 -1 -1 -1 2.0 0.099999994 0.1 5334365.676328536 517.596660860849 32687040.2090679 0.077143 6.52260120308178 
SR-Stab -1 -1 0 -1 -1 -1 -1 2.0 0.099999994 0.1 5334365.807371493 517.5539068067795 32687062.575202543 0.077143 7.0310004580888785 
SR-Stab -1 -1 0 -1 -1 -1 -1 2.0 0.099999994 0.1 5334365.923671523 517.6315858448273 32687057.218185026 0.077143 5.099443170856655 
SR-Stab -1 -1 0 -1 -1 -1 -1 2.0 0.099999994 0.1 5334365.915145626 517.3166678632027 32687021.996032316 0.077143 0.5402403473854065 
SR-Stab -1 -1 0 -1 -1 -1 -1 2.0 0.099999994 0.1 5334365.779931571 517.2126428569085 32687067.933539946 0.077143 0.4557274580001831 
SR-Stab -1 -1 0 -1 -1 -1 -1 2.0 0.099999994 0.1 5334365.481155571 517.2266828501946 32687046.080184538 0.077143 0.4439779818058014 
SR-Stab -1 -1 0 -1 -1 -1 -1 2.0 0.099999994 0.1 5334365.831619058 517.2410843456513 32687040.21336325 0.077143 0.5327897667884827 
SR-Stab -1 -1 0 -1 -1 -1 -1 2.0 0.099999994 0.1 5334365.845493566 517.2486589039094 32687035.036475737 0.077143 0.40239664912223816 
SR-Stab -1 -1 0 -1 -1 -1 -1 2.0 0.099999994 0.1 5334365.623295631 517.2306838715798 32687046.22848471 0.077143 0.40147170424461365 
SR-Stab -1 -1 0 -1 -1 -1 -1 2.0 0.099999994 0.1 5334365.498563077 517.168315895868 32687074.03366812 0.077143 0.5436531475213331 
SR-Stab -1 -1 0 -1 -1 -1 -1 2.0 0.099999994 0.1 5334365.580009516 517.1712998831994 32687067.859321196 0.077143 0.4836983131276193 
SR-Stab -1 -1 0 -1 -1 -1 -1 2.0 0.099999994 0.1 5334365.863357533 517.1663168752915 32687062.45867117 0.077143 0.3765420632789823 
SR-Stab -1 -1 0 -1 -1 -1 -1 2.0 0.099999994 0.1 5334365.485334542 517.1561388457543 32687073.785117704 0.077143 0.36381825897842635 
SR-Stab -1 -1 0 -1 -1 -1 -1 2.0 0.099999994 0.1 5334365.585852589 517.1627458418137 32687068.03845938 0.077143 0.3580847978591919 
SR-Stab -1 -1 0 -1 -1 -1 -1 2.0 0.099999994 0.1 5334365.75309157 517.1590038622147 32687062.462562162 0.077143 0.311826229095459 
SR-Stab -1 -1 0 -1 -1 -1 -1 2.0 0.099999994 0.1 5334365.7374474965 517.2188948477036 32687040.353789885 0.077143 0.3060932755470276 
SR-Stab -1 -1 0 -1 -1 -1 -1 2.0 0.099999994 0.1 5334365.576445546 517.2121008718735 32687046.341659147 0.077143 0.28594985604286194 
SR-Stab -1 -1 0 -1 -1 -1 -1 2.0 0.099999994 0.1 5334365.86484151 517.2136148298508 32687057.31289633 0.077143 0.2809634208679199 
SR-Stab -1 -1 0 -1 -1 -1 -1 2.0 0.099999994 0.1 5334365.588645544 517.1622448647744 32687073.956367094 0.077143 0.27878254652023315 

