SR-Stab -1 -1 0 -1 -1 -1 -1 2.0 0.099999994 0.1 5334365.441901591 517.3165503824479 32687073.908500273 0.077143 4.1876541572777075 
SR-Stab -1 -1 0 -1 -1 -1 -1 2.0 0.099999994 0.1 5334365.300670531 517.4807253564126 32687079.32473715 0.077143 5.694413461059479 
SR-Stab -1 -1 0 -1 -1 -1 -1 2.0 0.099999994 0.1 5334364.895151164 517.4862783635384 32687067.49713095 0.077143 5.682546554453214 
SR-Stab -1 -1 0 -1 -1 -1 -1 2.0 0.099999994 0.1 5334365.007218864 517.3857573354966 32687089.935725767 0.077143 5.037983889408496 
SR-Stab -1 -1 0 -1 -1 -1 -1 2.0 0.099999994 0.1 5334365.196815576 517.5268778885132 32687056.808890898 0.077143 6.816221055785243 
SR-Stab -1 -1 0 -1 -1 -1 -1 2.0 0.099999994 0.1 5334365.042123582 517.5143803442246 32687062.160979826 0.077143 5.597260224495728 
SR-Stab -1 -1 0 -1 -1 -1 -1 2.0 0.099999994 0.1 5334365.368038502 517.632743843866 32687051.455764372 0.077143 5.157333940596889 
SR-Stab -1 -1 0 -1 -1 -1 -1 2.0 0.099999994 0.1 5334365.169117536 517.5127128446824 32687084.579352934 0.077143 5.9068608127107405 
SR-Stab -1 -1 0 -1 -1 -1 -1 2.0 0.099999994 0.1 5334365.011886563 517.5010218704468 32687076.391990263 0.077143 2.138072547030635 
SR-Stab -1 -1 0 -1 -1 -1 -1 2.0 0.099999994 0.1 5334364.954483416 517.1201573098427 32687090.063678343 0.077143 0.6908903845936686 
SR-Stab -1 -1 0 -1 -1 -1 -1 2.0 0.099999994 0.1 5334364.922648694 517.2007898176438 32687067.374198515 0.077143 0.46694296346514746 
SR-Stab -1 -1 0 -1 -1 -1 -1 2.0 0.099999994 0.1 5334365.079302039 517.126472362352 32687084.643386442 0.077143 0.5508522391319275 
SR-Stab -1 -1 0 -1 -1 -1 -1 2.0 0.099999994 0.1 5334365.009463575 517.1811228478676 32687067.502219755 0.077143 0.651105173092003 
SR-Stab -1 -1 0 -1 -1 -1 -1 2.0 0.099999994 0.1 5334365.248343553 517.1516668880707 32687079.23323782 0.077143 0.4332655504646969 
SR-Stab -1 -1 0 -1 -1 -1 -1 2.0 0.099999994 0.1 5334365.131378498 517.1865768516785 32687062.26616629 0.077143 0.8443195121829035 
SR-Stab -1 -1 0 -1 -1 -1 -1 2.0 0.099999994 0.1 5334365.029327061 517.1815508688218 32687062.0467449 0.077143 0.6240358932132097 
SR-Stab -1 -1 0 -1 -1 -1 -1 2.0 0.099999994 0.1 5334365.065606561 517.1485438431031 32687084.495582182 0.077143 0.4900397062301636 
SR-Stab -1 -1 0 -1 -1 -1 -1 2.0 0.099999994 0.1 5334365.342953648 517.1957904184586 32687056.844371397 0.077143 0.4807875454425812 
SR-Stab -1 -1 0 -1 -1 -1 -1 2.0 0.099999994 0.1 5334365.1538765095 517.1877818191773 32687062.145530302 0.077143 0.3601607084274292 
SR-Stab -1 -1 0 -1 -1 -1 -1 2.0 0.099999994 0.1 5334364.939820554 517.1813868368394 32687062.25582083 0.077143 0.5855983163370372 
SR-Stab -1 -1 0 -1 -1 -1 -1 2.0 0.099999994 0.1 5334365.320066478 517.2045708978898 32687056.926078398 0.077143 0.31392577290534973 
SR-Stab -1 -1 0 -1 -1 -1 -1 2.0 0.099999994 0.1 5334365.324772503 517.2133708680398 32687056.67956503 0.077143 0.30322250723838806 
SR-Stab -1 -1 0 -1 -1 -1 -1 2.0 0.099999994 0.1 5334365.1770875715 517.1888063038117 32687056.961265165 0.077143 0.3641703271507871 
SR-Stab -1 -1 0 -1 -1 -1 -1 2.0 0.099999994 0.1 5334365.444322493 517.2215308631188 32687051.60160025 0.077143 0.29867881536483765 
SR-Stab -1 -1 0 -1 -1 -1 -1 2.0 0.099999994 0.1 5334365.295941617 517.20036090262 32687051.56543692 0.077143 0.29344484210014343 

